-89.9401 -48.2478 1256.27
-89.9401 -48.2478 1421.82
-89.9401 -48.2478 1680.99
-89.9401 -48.2478 1704.84
-89.9401 -48.2478 1164.64
-89.9401 -48.2478 1478.86
-89.9401 -48.2478 1281.51
-89.9401 -48.2478 1424.14
-89.9401 -48.2478 1277.38
-89.9401 -48.2478 1333.02
-89.9401 -48.1978 1379.94
-89.9401 -48.1978 1372.6
-89.9401 -48.1978 1160.18
-89.9401 -48.1978 1489.45
-89.9401 -48.1978 1312.76
-89.9401 -48.1978 1074.44
-89.9401 -48.1978 1358.65
-89.9401 -48.1978 1355.35
-89.9401 -48.1978 1633.73
-89.9401 -48.1978 1427.98
-89.9401 -48.1478 1409.86
-89.9401 -48.1478 1344.17
-89.9401 -48.1478 1366.85
-89.9401 -48.1478 1391.03
-89.9401 -48.1478 1142.08
-89.9401 -48.1478 1412.78
-89.9401 -48.1478 1189.36
-89.9401 -48.1478 1295.94
-89.9401 -48.1478 1379.88
-89.9401 -48.1478 1400.67
-89.9401 -48.0978 1232.32
-89.9401 -48.0978 1411.84
-89.9401 -48.0978 1334.5
-89.9401 -48.0978 1287.34
-89.9401 -48.0978 1420.07
-89.9401 -48.0978 1745.48
-89.9401 -48.0978 1454.71
-89.9401 -48.0978 1469.8
-89.9401 -48.0978 1455.97
-89.9401 -48.0978 1422.61
-89.9401 -48.0478 1389.81
-89.9401 -48.0478 1409.14
-89.9401 -48.0478 1403.68
-89.9401 -48.0478 1493.56
-89.9401 -48.0478 1406.14
-89.9401 -48.0478 1186.9
-89.9401 -48.0478 1354.41
-89.9401 -48.0478 1345.83
-89.9401 -48.0478 1224.43
-89.9401 -48.0478 1350.75
-89.9401 -47.9978 1343.16
-89.9401 -47.9978 1396.85
-89.9401 -47.9978 1256.84
-89.9401 -47.9978 1518.86
-89.9401 -47.9978 1747.49
-89.9401 -47.9978 1435.37
-89.9401 -47.9978 1388.92
-89.9401 -47.9978 1576.59
-89.9401 -47.9978 1518.45
-89.9401 -47.9978 1374.66
-89.9401 -47.9478 1347.45
-89.9401 -47.9478 1227.39
-89.9401 -47.9478 1432.31
-89.9401 -47.9478 1450.2
-89.9401 -47.9478 1557.1
-89.9401 -47.9478 1397.87
-89.9401 -47.9478 1241.02
-89.9401 -47.9478 1228.98
-89.9401 -47.9478 1653.71
-89.9401 -47.9478 1271.96
-89.9401 -47.8978 1428.25
-89.9401 -47.8978 1394.75
-89.9401 -47.8978 1235.61
-89.9401 -47.8978 1527.28
-89.9401 -47.8978 1483.68
-89.9401 -47.8978 1337.61
-89.9401 -47.8978 1206.82
-89.9401 -47.8978 1340.02
-89.9401 -47.8978 1231.66
-89.9401 -47.8978 1324.42
-89.9401 -47.8478 1353.52
-89.9401 -47.8478 1387.33
-89.9401 -47.8478 1382.92
-89.9401 -47.8478 1438.67
-89.9401 -47.8478 1344.89
-89.9401 -47.8478 1567.09
-89.9401 -47.8478 1394.2
-89.9401 -47.8478 1280.84
-89.9401 -47.8478 1179.22
-89.9401 -47.8478 1517.91
-89.9401 -47.7978 1357.25
-89.9401 -47.7978 1363.37
-89.9401 -47.7978 1437.99
-89.9401 -47.7978 1414.68
-89.9401 -47.7978 1563.07
-89.9401 -47.7978 1399.6
-89.9401 -47.7978 1208.37
-89.9401 -47.7978 1462.92
-89.9401 -47.7978 1289.82
-89.9401 -47.7978 1398.04
-89.9401 -47.7478 1325.21
-89.9401 -47.7478 1408.75
-89.9401 -47.7478 1384.61
-89.9401 -47.7478 1603.27
-89.9401 -47.7478 1306.62
-89.9401 -47.7478 1294.97
-89.9401 -47.7478 1429.2
-89.9401 -47.7478 1355.78
-89.9401 -47.7478 1330.36
-89.9401 -47.7478 1504.17
-89.9401 -47.6978 1357.03
-89.9401 -47.6978 1432.84
-89.9401 -47.6978 1091.62
-89.9401 -47.6978 1269.03
-89.9401 -47.6978 1415.49
-89.9401 -47.6978 1408.8
-89.9401 -47.6978 1315.13
-89.9401 -47.6978 1664.13
-89.9401 -47.6978 1307.18
-89.9401 -47.6978 1320.09
-89.9401 -47.6478 1538.58
-89.9401 -47.6478 1255.7
-89.9401 -47.6478 1530.48
-89.9401 -47.6478 1425.73
-89.9401 -47.6478 1359.72
-89.9401 -47.6478 1264.47
-89.9401 -47.6478 1411.99
-89.9401 -47.6478 1351.29
-89.9401 -47.6478 1408.33
-89.9401 -47.6478 1353.23
-89.9401 -47.5978 1492.53
-89.9401 -47.5978 1285.88
-89.9401 -47.5978 1439.39
-89.9401 -47.5978 1450.8
-89.9401 -47.5978 1580.24
-89.9401 -47.5978 1502.98
-89.9401 -47.5978 1201.38
-89.9401 -47.5978 1613.74
-89.9401 -47.5978 1321.36
-89.9401 -47.5978 1355.96
-89.9401 -47.5478 1546.43
-89.9401 -47.5478 1422.22
-89.9401 -47.5478 1398.72
-89.9401 -47.5478 1417.51
-89.9401 -47.5478 1408.01
-89.9401 -47.5478 1103.95
-89.9401 -47.5478 1472.53
-89.9401 -47.5478 1410.56
-89.9401 -47.5478 1500.7
-89.9401 -47.5478 1452.84
-89.9401 -47.4978 1286.73
-89.9401 -47.4978 1406.11
-89.9401 -47.4978 1599.84
-89.9401 -47.4978 1580.3
-89.9401 -47.4978 1228.74
-89.9401 -47.4978 1254.33
-89.9401 -47.4978 1290.47
-89.9401 -47.4978 1511.9
-89.9401 -47.4978 1245.82
-89.9401 -47.4978 1547.5
-89.9401 -47.4478 1560.73
-89.9401 -47.4478 1276.45
-89.9401 -47.4478 1610.45
-89.9401 -47.4478 1398.76
-89.9401 -47.4478 1433.22
-89.9401 -47.4478 1425.14
-89.9401 -47.4478 1420.3
-89.9401 -47.4478 1454.2
-89.9401 -47.4478 1410.61
-89.9401 -47.4478 1367.79
-89.9401 -47.3978 1583.15
-89.9401 -47.3978 1311.55
-89.9401 -47.3978 1425.65
-89.9401 -47.3978 1343.65
-89.9401 -47.3978 1584.88
-89.9401 -47.3978 1353.7
-89.9401 -47.3978 1397.83
-89.9401 -47.3978 1421.29
-89.9401 -47.3978 1379.42
-89.9401 -47.3978 1493.86
-89.9401 -47.3478 1423.51
-89.9401 -47.3478 1498.5
-89.9401 -47.3478 1420.87
-89.9401 -47.3478 1426.69
-89.9401 -47.3478 1328.85
-89.9401 -47.3478 1452.7
-89.9401 -47.3478 1357.25
-89.9401 -47.3478 1685.68
-89.9401 -47.3478 1496.57
-89.9401 -47.3478 1447.97
-89.9401 -47.2978 1584.16
-89.9401 -47.2978 1778
-89.9401 -47.2978 1692.72
-89.9401 -47.2978 1501.15
-89.9401 -47.2978 1524.23
-89.9401 -47.2978 1400.9
-89.9401 -47.2978 1617.04
-89.9401 -47.2978 1472.96
-89.9401 -47.2978 1537.27
-89.9401 -47.2978 1586.46
-89.9401 -47.2478 1531.93
-89.9401 -47.2478 1556.35
-89.9401 -47.2478 1599.61
-89.9401 -47.2478 1397.75
-89.9401 -47.2478 1483.48
-89.9401 -47.2478 1529.44
-89.9401 -47.2478 1450.24
-89.9401 -47.2478 1257.89
-89.9401 -47.2478 1502.86
-89.9401 -47.2478 1326.83
-89.9401 -47.1978 1630.11
-89.9401 -47.1978 1716.08
-89.9401 -47.1978 1579.62
-89.9401 -47.1978 1655.53
-89.9401 -47.1978 1727.99
-89.9401 -47.1978 1467.57
-89.9401 -47.1978 1586.22
-89.9401 -47.1978 1598.97
-89.9401 -47.1978 1529.74
-89.9401 -47.1978 1780.66
-89.9401 -47.1478 1830.3
-89.9401 -47.1478 1727.31
-89.9401 -47.1478 1902.18
-89.9401 -47.1478 1775.71
-89.9401 -47.1478 1539.04
-89.9401 -47.1478 1806.78
-89.9401 -47.1478 1924.84
-89.9401 -47.1478 1650.12
-89.9401 -47.1478 1809.55
-89.9401 -47.1478 1770.11
-89.9401 -47.0978 2100.31
-89.9401 -47.0978 2126.14
-89.9401 -47.0978 2159.04
-89.9401 -47.0978 2017.5
-89.9401 -47.0978 2030.19
-89.9401 -47.0978 2264.39
-89.9401 -47.0978 2286.56
-89.9401 -47.0978 2197.02
-89.9401 -47.0978 1934.09
-89.9401 -47.0978 2188.89
-89.9401 -47.0478 2818.65
-89.9401 -47.0478 3039.18
-89.9401 -47.0478 2842.17
-89.9401 -47.0478 2603.16
-89.9401 -47.0478 2736.74
-89.9401 -47.0478 2586.94
-89.9401 -47.0478 2726.2
-89.9401 -47.0478 2555.47
-89.9401 -47.0478 3032.07
-89.9401 -47.0478 2933.93
-89.9401 -46.9978 3489.86
-89.9401 -46.9978 3585.67
-89.9401 -46.9978 3561.49
-89.9401 -46.9978 3722.8
-89.9401 -46.9978 3572.77
-89.9401 -46.9978 3688.16
-89.9401 -46.9978 3600.93
-89.9401 -46.9978 3506.89
-89.9401 -46.9978 3376.64
-89.9401 -46.9978 3574.12
-89.9401 -46.9478 4620.3
-89.9401 -46.9478 4725.36
-89.9401 -46.9478 4898.93
-89.9401 -46.9478 4758.22
-89.9401 -46.9478 4603.24
-89.9401 -46.9478 4678.99
-89.9401 -46.9478 4800.2
-89.9401 -46.9478 4550.49
-89.9401 -46.9478 4731.32
-89.9401 -46.9478 4838.16
-89.9401 -46.8978 6507.39
-89.9401 -46.8978 6026.47
-89.9401 -46.8978 6383.87
-89.9401 -46.8978 6321.23
-89.9401 -46.8978 6415.54
-89.9401 -46.8978 6113.61
-89.9401 -46.8978 6631.29
-89.9401 -46.8978 6639.27
-89.9401 -46.8978 6187.82
-89.9401 -46.8978 7052.02
-89.9401 -46.8478 9102.33
-89.9401 -46.8478 8915.35
-89.9401 -46.8478 9075.4
-89.9401 -46.8478 8675.94
-89.9401 -46.8478 9025.81
-89.9401 -46.8478 9454.58
-89.9401 -46.8478 8804.11
-89.9401 -46.8478 8683.47
-89.9401 -46.8478 9159.31
-89.9401 -46.8478 8344.84
-89.9401 -46.7978 11027.5
-89.9401 -46.7978 11181.4
-89.9401 -46.7978 11153.7
-89.9401 -46.7978 11360.1
-89.9401 -46.7978 10984.2
-89.9401 -46.7978 11671.6
-89.9401 -46.7978 11591.3
-89.9401 -46.7978 10832.5
-89.9401 -46.7978 11148.4
-89.9401 -46.7978 10797.5
-89.9401 -46.7478 15474.7
-89.9401 -46.7478 14468.5
-89.9401 -46.7478 14604.4
-89.9401 -46.7478 14738.2
-89.9401 -46.7478 14841.6
-89.9401 -46.7478 14475.9
-89.9401 -46.7478 14363.5
-89.9401 -46.7478 13964.3
-89.9401 -46.7478 14814.9
-89.9401 -46.7478 14279.4
-89.9401 -46.6978 17661.8
-89.9401 -46.6978 16912.2
-89.9401 -46.6978 17003.4
-89.9401 -46.6978 17557.6
-89.9401 -46.6978 16912.7
-89.9401 -46.6978 17453.6
-89.9401 -46.6978 17934.4
-89.9401 -46.6978 16707.1
-89.9401 -46.6978 17476.3
-89.9401 -46.6978 16808.2
-89.9401 -46.6478 20120.2
-89.9401 -46.6478 20387.5
-89.9401 -46.6478 19987.5
-89.9401 -46.6478 19783.5
-89.9401 -46.6478 19579.1
-89.9401 -46.6478 19478.6
-89.9401 -46.6478 19781.5
-89.9401 -46.6478 19429
-89.9401 -46.6478 19653.7
-89.9401 -46.6478 19922.6
-89.9401 -46.5978 23239.9
-89.9401 -46.5978 21614.9
-89.9401 -46.5978 22548.8
-89.9401 -46.5978 21968.5
-89.9401 -46.5978 21938.2
-89.9401 -46.5978 21410.7
-89.9401 -46.5978 22594.5
-89.9401 -46.5978 20652.9
-89.9401 -46.5978 22072.2
-89.9401 -46.5978 22872
-89.9401 -46.5478 23573.3
-89.9401 -46.5478 23967.9
-89.9401 -46.5478 23583.4
-89.9401 -46.5478 22946.2
-89.9401 -46.5478 23276
-89.9401 -46.5478 23049.5
-89.9401 -46.5478 23092.4
-89.9401 -46.5478 22772.3
-89.9401 -46.5478 23724.4
-89.9401 -46.5478 23718.5
-89.9401 -46.4978 25083
-89.9401 -46.4978 25322.8
-89.9401 -46.4978 25641
-89.9401 -46.4978 26048.2
-89.9401 -46.4978 25919.8
-89.9401 -46.4978 25669.9
-89.9401 -46.4978 26105.3
-89.9401 -46.4978 26056.8
-89.9401 -46.4978 25115.6
-89.9401 -46.4978 24918.3
-89.9401 -46.4478 26391
-89.9401 -46.4478 25787.1
-89.9401 -46.4478 26117
-89.9401 -46.4478 26131.1
-89.9401 -46.4478 25584.3
-89.9401 -46.4478 25879.5
-89.9401 -46.4478 25593.7
-89.9401 -46.4478 25852.3
-89.9401 -46.4478 25551.1
-89.9401 -46.4478 26060.2
-89.9401 -46.3978 26124.2
-89.9401 -46.3978 26665.7
-89.9401 -46.3978 26034.5
-89.9401 -46.3978 26935.2
-89.9401 -46.3978 26061.4
-89.9401 -46.3978 25490.4
-89.9401 -46.3978 26748.7
-89.9401 -46.3978 25928.7
-89.9401 -46.3978 26276
-89.9401 -46.3978 26424.7
-89.9401 -46.3478 27091.1
-89.9401 -46.3478 27277.5
-89.9401 -46.3478 26942
-89.9401 -46.3478 25955
-89.9401 -46.3478 27249.8
-89.9401 -46.3478 26683.2
-89.9401 -46.3478 26848.5
-89.9401 -46.3478 26665
-89.9401 -46.3478 27081.4
-89.9401 -46.3478 27076.7
-89.9401 -46.2978 26773.3
-89.9401 -46.2978 26907.1
-89.9401 -46.2978 27112.6
-89.9401 -46.2978 27635.5
-89.9401 -46.2978 26361.4
-89.9401 -46.2978 26830.2
-89.9401 -46.2978 26504.6
-89.9401 -46.2978 26516.4
-89.9401 -46.2978 26762.4
-89.9401 -46.2978 26656.7
-89.9401 -46.2478 27893.1
-89.9401 -46.2478 26954.3
-89.9401 -46.2478 26606.6
-89.9401 -46.2478 27932.6
-89.9401 -46.2478 26530.5
-89.9401 -46.2478 27571
-89.9401 -46.2478 27344.8
-89.9401 -46.2478 27804.7
-89.9401 -46.2478 27551.1
-89.9401 -46.2478 26824.8
-89.9401 -46.1978 26679.1
-89.9401 -46.1978 27369.8
-89.9401 -46.1978 27731.7
-89.9401 -46.1978 26981
-89.9401 -46.1978 26904
-89.9401 -46.1978 26261.5
-89.9401 -46.1978 27027.2
-89.9401 -46.1978 27972.4
-89.9401 -46.1978 27787.8
-89.9401 -46.1978 26700
-89.9401 -46.1478 27546.8
-89.9401 -46.1478 27348.8
-89.9401 -46.1478 27113.1
-89.9401 -46.1478 27049.3
-89.9401 -46.1478 27474.5
-89.9401 -46.1478 27486.8
-89.9401 -46.1478 27427.5
-89.9401 -46.1478 28205.3
-89.9401 -46.1478 27086
-89.9401 -46.1478 27272.2
-89.9401 -46.0978 27114
-89.9401 -46.0978 27479.8
-89.9401 -46.0978 28098.3
-89.9401 -46.0978 26964.6
-89.9401 -46.0978 27378.5
-89.9401 -46.0978 26594.4
-89.9401 -46.0978 26890.1
-89.9401 -46.0978 27659
-89.9401 -46.0978 28276
-89.9401 -46.0978 27076.9
-89.9401 -46.0478 28014.4
-89.9401 -46.0478 27941.7
-89.9401 -46.0478 27308.4
-89.9401 -46.0478 26560.1
-89.9401 -46.0478 27476.4
-89.9401 -46.0478 27856
-89.9401 -46.0478 27615.8
-89.9401 -46.0478 27421.7
-89.9401 -46.0478 28156.6
-89.9401 -46.0478 27824
-89.9401 -45.9978 27806.7
-89.9401 -45.9978 26982.6
-89.9401 -45.9978 27471.5
-89.9401 -45.9978 27894.4
-89.9401 -45.9978 27114.2
-89.9401 -45.9978 27555.6
-89.9401 -45.9978 27762.7
-89.9401 -45.9978 26897.1
-89.9401 -45.9978 27578.3
-89.9401 -45.9978 27472.4
-89.9401 -45.9478 27412.3
-89.9401 -45.9478 27109.1
-89.9401 -45.9478 27140.1
-89.9401 -45.9478 28030
-89.9401 -45.9478 27562.4
-89.9401 -45.9478 27371.1
-89.9401 -45.9478 27232.7
-89.9401 -45.9478 27845.5
-89.9401 -45.9478 27832.5
-89.9401 -45.9478 27603.6
-89.9401 -45.8978 26517.9
-89.9401 -45.8978 28095.6
-89.9401 -45.8978 27322.2
-89.9401 -45.8978 27780.8
-89.9401 -45.8978 27133.7
-89.9401 -45.8978 27239
-89.9401 -45.8978 26988
-89.9401 -45.8978 26651.9
-89.9401 -45.8978 27401.9
-89.9401 -45.8978 27013.7
-89.9401 -45.8478 26898
-89.9401 -45.8478 27490.3
-89.9401 -45.8478 27516.4
-89.9401 -45.8478 27091.4
-89.9401 -45.8478 27989.5
-89.9401 -45.8478 27944.2
-89.9401 -45.8478 26821.5
-89.9401 -45.8478 28233.5
-89.9401 -45.8478 27240.7
-89.9401 -45.8478 28337.1
-89.9401 -45.7978 26909.4
-89.9401 -45.7978 28013
-89.9401 -45.7978 27769.7
-89.9401 -45.7978 27891.9
-89.9401 -45.7978 26920
-89.9401 -45.7978 27447.4
-89.9401 -45.7978 27399.9
-89.9401 -45.7978 27834.5
-89.9401 -45.7978 27024.3
-89.9401 -45.7978 27673.1
-89.9401 -45.7478 26912.6
-89.9401 -45.7478 26786.7
-89.9401 -45.7478 28162.9
-89.9401 -45.7478 27094.4
-89.9401 -45.7478 26935.2
-89.9401 -45.7478 27952.7
-89.9401 -45.7478 27739.6
-89.9401 -45.7478 26241.4
-89.9401 -45.7478 27147.6
-89.9401 -45.7478 27930.8
-89.9401 -45.6978 27334
-89.9401 -45.6978 27986
-89.9401 -45.6978 27022.6
-89.9401 -45.6978 27467.1
-89.9401 -45.6978 27485.4
-89.9401 -45.6978 27655.9
-89.9401 -45.6978 27824.3
-89.9401 -45.6978 26899.4
-89.9401 -45.6978 28633.2
-89.9401 -45.6978 27476.4
-89.9401 -45.6478 28341.7
-89.9401 -45.6478 28058.1
-89.9401 -45.6478 27663.5
-89.9401 -45.6478 26985.7
-89.9401 -45.6478 27181.1
-89.9401 -45.6478 26175
-89.9401 -45.6478 26957.4
-89.9401 -45.6478 26622.8
-89.9401 -45.6478 27248
-89.9401 -45.6478 26531.2
-89.9401 -45.5978 27208.1
-89.9401 -45.5978 27709.7
-89.9401 -45.5978 26821.5
-89.9401 -45.5978 27260.2
-89.9401 -45.5978 27140.6
-89.9401 -45.5978 27097.1
-89.9401 -45.5978 27186.8
-89.9401 -45.5978 27167.9
-89.9401 -45.5978 28093.5
-89.9401 -45.5978 27313.8
-89.9401 -45.5478 26341
-89.9401 -45.5478 26816.1
-89.9401 -45.5478 28120.6
-89.9401 -45.5478 27404.2
-89.9401 -45.5478 27065.7
-89.9401 -45.5478 27084.6
-89.9401 -45.5478 26504.9
-89.9401 -45.5478 27244.7
-89.9401 -45.5478 26727.1
-89.9401 -45.5478 25846.1
-89.9401 -45.4978 27414
-89.9401 -45.4978 26794.5
-89.9401 -45.4978 27186.7
-89.9401 -45.4978 27392.2
-89.9401 -45.4978 26445.1
-89.9401 -45.4978 27020.6
-89.9401 -45.4978 26659.8
-89.9401 -45.4978 27481.5
-89.9401 -45.4978 27075.5
-89.9401 -45.4978 27381.4
-89.9401 -45.4478 26813.5
-89.9401 -45.4478 27023.8
-89.9401 -45.4478 26565.8
-89.9401 -45.4478 28679.2
-89.9401 -45.4478 27421.3
-89.9401 -45.4478 27587
-89.9401 -45.4478 26342
-89.9401 -45.4478 27728.1
-89.9401 -45.4478 26729.2
-89.9401 -45.4478 25866.3
-89.9401 -45.3978 28063.5
-89.9401 -45.3978 26879.6
-89.9401 -45.3978 26801.5
-89.9401 -45.3978 26179.6
-89.9401 -45.3978 27195.9
-89.9401 -45.3978 27417
-89.9401 -45.3978 26525.7
-89.9401 -45.3978 26740.6
-89.9401 -45.3978 26942.6
-89.9401 -45.3978 25698.5
-89.9401 -45.3478 27364.9
-89.9401 -45.3478 26705.3
-89.9401 -45.3478 26920.2
-89.9401 -45.3478 26478.5
-89.9401 -45.3478 26972.2
-89.9401 -45.3478 26700.2
-89.9401 -45.3478 26565.3
-89.9401 -45.3478 26522
-89.9401 -45.3478 26341.7
-89.9401 -45.3478 26856.6
-89.9401 -45.2978 26210.6
-89.9401 -45.2978 26281.1
-89.9401 -45.2978 26643.9
-89.9401 -45.2978 26623.3
-89.9401 -45.2978 27020.9
-89.9401 -45.2978 26364.6
-89.9401 -45.2978 26688.7
-89.9401 -45.2978 25700.7
-89.9401 -45.2978 27685.9
-89.9401 -45.2978 26064
-89.9401 -45.2478 26808
-89.9401 -45.2478 28042.9
-89.9401 -45.2478 25871
-89.9401 -45.2478 26726.5
-89.9401 -45.2478 26114.6
-89.9401 -45.2478 26351.5
-89.9401 -45.2478 26161.3
-89.9401 -45.2478 25770.9
-89.9401 -45.2478 26163.8
-89.9401 -45.2478 27503.2
-89.9401 -45.1978 25587.4
-89.9401 -45.1978 26915.5
-89.9401 -45.1978 26610.4
-89.9401 -45.1978 26556.1
-89.9401 -45.1978 25853.6
-89.9401 -45.1978 26502
-89.9401 -45.1978 26816.5
-89.9401 -45.1978 25517.6
-89.9401 -45.1978 27271.7
-89.9401 -45.1978 27587.9
-89.9401 -45.1478 26628.5
-89.9401 -45.1478 25910.4
-89.9401 -45.1478 27013.8
-89.9401 -45.1478 27107.5
-89.9401 -45.1478 26629.7
-89.9401 -45.1478 27252.4
-89.9401 -45.1478 26671.7
-89.9401 -45.1478 26650.1
-89.9401 -45.1478 26939
-89.9401 -45.1478 26104.9
-89.9401 -45.0978 25835.4
-89.9401 -45.0978 26171.7
-89.9401 -45.0978 26021.2
-89.9401 -45.0978 26454.4
-89.9401 -45.0978 27019.2
-89.9401 -45.0978 25967
-89.9401 -45.0978 26614.1
-89.9401 -45.0978 26621.4
-89.9401 -45.0978 27307.6
-89.9401 -45.0978 26201.8
-89.9401 -45.0478 26176.6
-89.9401 -45.0478 26188.5
-89.9401 -45.0478 25323.4
-89.9401 -45.0478 26612.9
-89.9401 -45.0478 26168.9
-89.9401 -45.0478 25973.5
-89.9401 -45.0478 27829.7
-89.9401 -45.0478 26591.8
-89.9401 -45.0478 26272
-89.9401 -45.0478 26296.8
-89.9401 -44.9978 27503.7
-89.9401 -44.9978 26969.8
-89.9401 -44.9978 27033.9
-89.9401 -44.9978 27745.2
-89.9401 -44.9978 26944.9
-89.9401 -44.9978 26780.7
-89.9401 -44.9978 27461.7
-89.9401 -44.9978 26095
-89.9401 -44.9978 26860.9
-89.9401 -44.9978 27878.5
-89.9401 -44.9478 26557.3
-89.9401 -44.9478 26803.1
-89.9401 -44.9478 26266.9
-89.9401 -44.9478 26626
-89.9401 -44.9478 27901.4
-89.9401 -44.9478 26371.1
-89.9401 -44.9478 27096.5
-89.9401 -44.9478 27523.5
-89.9401 -44.9478 27275.5
-89.9401 -44.9478 26799.7
-89.9401 -44.8978 27115.4
-89.9401 -44.8978 26604.2
-89.9401 -44.8978 27586.8
-89.9401 -44.8978 26579.7
-89.9401 -44.8978 26432
-89.9401 -44.8978 26534.8
-89.9401 -44.8978 26531.3
-89.9401 -44.8978 27745.2
-89.9401 -44.8978 27228.2
-89.9401 -44.8978 27880.1
-89.9401 -44.8478 26600.9
-89.9401 -44.8478 27685.8
-89.9401 -44.8478 28019.5
-89.9401 -44.8478 28613.7
-89.9401 -44.8478 27246
-89.9401 -44.8478 26473.8
-89.9401 -44.8478 26394.9
-89.9401 -44.8478 27729
-89.9401 -44.8478 27573.3
-89.9401 -44.8478 28060.3
-89.9401 -44.7978 27604.3
-89.9401 -44.7978 26457
-89.9401 -44.7978 27177.8
-89.9401 -44.7978 27628
-89.9401 -44.7978 26497
-89.9401 -44.7978 27955.2
-89.9401 -44.7978 27482.5
-89.9401 -44.7978 27076.7
-89.9401 -44.7978 27395.3
-89.9401 -44.7978 27174.5
-89.9401 -44.7478 27029
-89.9401 -44.7478 27340
-89.9401 -44.7478 27513.7
-89.9401 -44.7478 27433
-89.9401 -44.7478 28345.6
-89.9401 -44.7478 27722.4
-89.9401 -44.7478 26815.5
-89.9401 -44.7478 27372.5
-89.9401 -44.7478 27427.1
-89.9401 -44.7478 26714.7
-89.9401 -44.6978 27546.9
-89.9401 -44.6978 26670.8
-89.9401 -44.6978 27063.4
-89.9401 -44.6978 27347.1
-89.9401 -44.6978 27628
-89.9401 -44.6978 27087
-89.9401 -44.6978 27925.3
-89.9401 -44.6978 27643.9
-89.9401 -44.6978 27927
-89.9401 -44.6978 27510
-89.9401 -44.6478 27798.2
-89.9401 -44.6478 27377.8
-89.9401 -44.6478 28093
-89.9401 -44.6478 26883.8
-89.9401 -44.6478 28219.9
-89.9401 -44.6478 27195.5
-89.9401 -44.6478 27837.1
-89.9401 -44.6478 26966.4
-89.9401 -44.6478 27971
-89.9401 -44.6478 27614.6
-89.9401 -44.5978 26367.5
-89.9401 -44.5978 27604
-89.9401 -44.5978 27191.8
-89.9401 -44.5978 27190.7
-89.9401 -44.5978 26683.4
-89.9401 -44.5978 27607.7
-89.9401 -44.5978 28611.4
-89.9401 -44.5978 26144.4
-89.9401 -44.5978 27746.6
-89.9401 -44.5978 27297.2
-89.9401 -44.5478 26584.9
-89.9401 -44.5478 28319.5
-89.9401 -44.5478 26883.4
-89.9401 -44.5478 27587.9
-89.9401 -44.5478 27665.3
-89.9401 -44.5478 27284
-89.9401 -44.5478 27172.6
-89.9401 -44.5478 26914.1
-89.9401 -44.5478 27262.7
-89.9401 -44.5478 27580.5
-89.9401 -44.4978 27740.9
-89.9401 -44.4978 27267.4
-89.9401 -44.4978 26996.5
-89.9401 -44.4978 26871.8
-89.9401 -44.4978 27476.8
-89.9401 -44.4978 27931.1
-89.9401 -44.4978 26982.4
-89.9401 -44.4978 26827.1
-89.9401 -44.4978 27539.1
-89.9401 -44.4978 26795
-89.9401 -44.4478 28066.4
-89.9401 -44.4478 27630
-89.9401 -44.4478 26866.5
-89.9401 -44.4478 27796.4
-89.9401 -44.4478 27205.6
-89.9401 -44.4478 27638.2
-89.9401 -44.4478 27315.2
-89.9401 -44.4478 27045.3
-89.9401 -44.4478 27146.7
-89.9401 -44.4478 28439.9
-89.9401 -44.3978 27395.9
-89.9401 -44.3978 27755.1
-89.9401 -44.3978 27322
-89.9401 -44.3978 28282.4
-89.9401 -44.3978 27398.1
-89.9401 -44.3978 27699.2
-89.9401 -44.3978 27376.8
-89.9401 -44.3978 27576.1
-89.9401 -44.3978 27784.1
-89.9401 -44.3978 27300.4
-89.9401 -44.3478 28280.8
-89.9401 -44.3478 27223.1
-89.9401 -44.3478 27173.8
-89.9401 -44.3478 26527.9
-89.9401 -44.3478 27181.7
-89.9401 -44.3478 28564.7
-89.9401 -44.3478 27603.4
-89.9401 -44.3478 27090.7
-89.9401 -44.3478 27397.4
-89.9401 -44.3478 27442.4
-89.9401 -44.2978 27067.7
-89.9401 -44.2978 26874.8
-89.9401 -44.2978 26593.9
-89.9401 -44.2978 28158.3
-89.9401 -44.2978 28004.7
-89.9401 -44.2978 26298.5
-89.9401 -44.2978 26864.8
-89.9401 -44.2978 28120.6
-89.9401 -44.2978 26721.6
-89.9401 -44.2978 27473.4
-89.9401 -44.2478 27120.4
-89.9401 -44.2478 25929.5
-89.9401 -44.2478 27186.1
-89.9401 -44.2478 26429.3
-89.9401 -44.2478 27431
-89.9401 -44.2478 27392.9
-89.9401 -44.2478 27235.9
-89.9401 -44.2478 26050.5
-89.9401 -44.2478 27759.1
-89.9401 -44.2478 27664
-89.9401 -44.1978 26013.5
-89.9401 -44.1978 27778.1
-89.9401 -44.1978 27553.9
-89.9401 -44.1978 27036.8
-89.9401 -44.1978 28057.7
-89.9401 -44.1978 27787.6
-89.9401 -44.1978 27020.5
-89.9401 -44.1978 26615.7
-89.9401 -44.1978 27068.5
-89.9401 -44.1978 27140.7
-89.9401 -44.1478 26405.3
-89.9401 -44.1478 26698.7
-89.9401 -44.1478 25381.3
-89.9401 -44.1478 27219.7
-89.9401 -44.1478 26635.3
-89.9401 -44.1478 26065.6
-89.9401 -44.1478 26993.5
-89.9401 -44.1478 26922.5
-89.9401 -44.1478 27124.2
-89.9401 -44.1478 27204.3
-89.9401 -44.0978 27579.2
-89.9401 -44.0978 26222.6
-89.9401 -44.0978 26760.4
-89.9401 -44.0978 25986.6
-89.9401 -44.0978 25598.7
-89.9401 -44.0978 26369.2
-89.9401 -44.0978 26859.6
-89.9401 -44.0978 26105.2
-89.9401 -44.0978 26874.1
-89.9401 -44.0978 26469.6
-89.9401 -44.0478 26427.7
-89.9401 -44.0478 25383.8
-89.9401 -44.0478 26281.6
-89.9401 -44.0478 25363.8
-89.9401 -44.0478 25548
-89.9401 -44.0478 25926
-89.9401 -44.0478 26169.5
-89.9401 -44.0478 25801.9
-89.9401 -44.0478 25013.1
-89.9401 -44.0478 26463.7
-89.9401 -43.9978 25356.4
-89.9401 -43.9978 23815.1
-89.9401 -43.9978 25431.6
-89.9401 -43.9978 25095.9
-89.9401 -43.9978 25146.3
-89.9401 -43.9978 24887.3
-89.9401 -43.9978 24691.9
-89.9401 -43.9978 25366.4
-89.9401 -43.9978 24239.8
-89.9401 -43.9978 24783.6
-89.9401 -43.9478 24235.2
-89.9401 -43.9478 24223.1
-89.9401 -43.9478 23301.9
-89.9401 -43.9478 24407.5
-89.9401 -43.9478 24363.7
-89.9401 -43.9478 23822.7
-89.9401 -43.9478 23542.9
-89.9401 -43.9478 24755.6
-89.9401 -43.9478 22586.5
-89.9401 -43.9478 23761.3
-89.9401 -43.8978 21994.7
-89.9401 -43.8978 22033.3
-89.9401 -43.8978 21436.3
-89.9401 -43.8978 22692
-89.9401 -43.8978 22078.9
-89.9401 -43.8978 21717.6
-89.9401 -43.8978 21738.7
-89.9401 -43.8978 21450.4
-89.9401 -43.8978 22378.6
-89.9401 -43.8978 22898.4
-89.9401 -43.8478 19929
-89.9401 -43.8478 19190.4
-89.9401 -43.8478 20130.9
-89.9401 -43.8478 20477.1
-89.9401 -43.8478 18911.5
-89.9401 -43.8478 19621.2
-89.9401 -43.8478 20994.3
-89.9401 -43.8478 19091.4
-89.9401 -43.8478 20084.4
-89.9401 -43.8478 20073.3
-89.9401 -43.7978 17217
-89.9401 -43.7978 17224.6
-89.9401 -43.7978 16871.1
-89.9401 -43.7978 17407.5
-89.9401 -43.7978 17038.9
-89.9401 -43.7978 17434.1
-89.9401 -43.7978 17427.3
-89.9401 -43.7978 17116.3
-89.9401 -43.7978 16713.7
-89.9401 -43.7978 17501
-89.9401 -43.7478 14835
-89.9401 -43.7478 13844.5
-89.9401 -43.7478 14531
-89.9401 -43.7478 14636.9
-89.9401 -43.7478 14193.8
-89.9401 -43.7478 14651.5
-89.9401 -43.7478 14494.6
-89.9401 -43.7478 14506.8
-89.9401 -43.7478 13866.3
-89.9401 -43.7478 14980.3
-89.9401 -43.6978 11258.4
-89.9401 -43.6978 11087.8
-89.9401 -43.6978 12015.9
-89.9401 -43.6978 11356.6
-89.9401 -43.6978 11745.9
-89.9401 -43.6978 11550.5
-89.9401 -43.6978 10921.2
-89.9401 -43.6978 11679.4
-89.9401 -43.6978 11624.3
-89.9401 -43.6978 11404.9
-89.9401 -43.6478 9185.65
-89.9401 -43.6478 8571.4
-89.9401 -43.6478 9795.29
-89.9401 -43.6478 8624.89
-89.9401 -43.6478 9434.82
-89.9401 -43.6478 8918.26
-89.9401 -43.6478 8691.62
-89.9401 -43.6478 9490.55
-89.9401 -43.6478 8643.22
-89.9401 -43.6478 8487.1
-89.9401 -43.5978 7166.31
-89.9401 -43.5978 6433.17
-89.9401 -43.5978 6954.84
-89.9401 -43.5978 6984.04
-89.9401 -43.5978 7425.29
-89.9401 -43.5978 7210.88
-89.9401 -43.5978 6779.19
-89.9401 -43.5978 6937.67
-89.9401 -43.5978 6553.45
-89.9401 -43.5978 6751.92
-89.9401 -43.5478 5016.72
-89.9401 -43.5478 5332.77
-89.9401 -43.5478 5279.29
-89.9401 -43.5478 5132.67
-89.9401 -43.5478 5386.13
-89.9401 -43.5478 5447.25
-89.9401 -43.5478 5302.62
-89.9401 -43.5478 4970.58
-89.9401 -43.5478 5318.9
-89.9401 -43.5478 5694.09
-89.9401 -43.4978 3798.32
-89.9401 -43.4978 3557.9
-89.9401 -43.4978 3718.19
-89.9401 -43.4978 3882.98
-89.9401 -43.4978 4082.84
-89.9401 -43.4978 3795.7
-89.9401 -43.4978 3903.67
-89.9401 -43.4978 3905.42
-89.9401 -43.4978 3791.61
-89.9401 -43.4978 3807.69
-89.9401 -43.4478 2901.48
-89.9401 -43.4478 2634.15
-89.9401 -43.4478 2821.24
-89.9401 -43.4478 2830.64
-89.9401 -43.4478 3032.87
-89.9401 -43.4478 3041.52
-89.9401 -43.4478 2958.97
-89.9401 -43.4478 2680.58
-89.9401 -43.4478 2985.04
-89.9401 -43.4478 2818.68
-89.9401 -43.3978 1968.22
-89.9401 -43.3978 2457.58
-89.9401 -43.3978 2198.13
-89.9401 -43.3978 2289.04
-89.9401 -43.3978 2216.9
-89.9401 -43.3978 2540.11
-89.9401 -43.3978 2323.15
-89.9401 -43.3978 2269.72
-89.9401 -43.3978 2362.17
-89.9401 -43.3978 2439.39
-89.9401 -43.3478 2163
-89.9401 -43.3478 1824.72
-89.9401 -43.3478 1978.54
-89.9401 -43.3478 2049.5
-89.9401 -43.3478 2045.2
-89.9401 -43.3478 1864.78
-89.9401 -43.3478 1924.12
-89.9401 -43.3478 1808.83
-89.9401 -43.3478 1855.07
-89.9401 -43.3478 2018.11
-89.9401 -43.2978 1547.18
-89.9401 -43.2978 1773.97
-89.9401 -43.2978 1744.88
-89.9401 -43.2978 1669.89
-89.9401 -43.2978 1665.84
-89.9401 -43.2978 1853.82
-89.9401 -43.2978 1832.67
-89.9401 -43.2978 1749.46
-89.9401 -43.2978 1380.55
-89.9401 -43.2978 1568.06
-89.9401 -43.2478 1612.44
-89.9401 -43.2478 1519.41
-89.9401 -43.2478 1607.18
-89.9401 -43.2478 1724.4
-89.9401 -43.2478 1545.98
-89.9401 -43.2478 1403.16
-89.9401 -43.2478 1503.54
-89.9401 -43.2478 1622.34
-89.9401 -43.2478 1578.11
-89.9401 -43.2478 1725.42
-89.9401 -43.1978 1473.13
-89.9401 -43.1978 1449.29
-89.9401 -43.1978 1551.21
-89.9401 -43.1978 1745.41
-89.9401 -43.1978 1441.09
-89.9401 -43.1978 1505.96
-89.9401 -43.1978 1503.11
-89.9401 -43.1978 1349.19
-89.9401 -43.1978 1728.05
-89.9401 -43.1978 1176.25
-89.9401 -43.1478 1412.11
-89.9401 -43.1478 1600.68
-89.9401 -43.1478 1429.74
-89.9401 -43.1478 1441.07
-89.9401 -43.1478 1621.12
-89.9401 -43.1478 1502.9
-89.9401 -43.1478 1513.11
-89.9401 -43.1478 1503.52
-89.9401 -43.1478 1330.18
-89.9401 -43.1478 1566.47
-89.9401 -43.0978 0
-89.9401 -43.0978 1482.02
-89.9401 -43.0978 1633.37
-89.9401 -43.0978 1418.53
-89.9401 -43.0978 1534.13
-89.9401 -43.0978 1498.8
-89.9401 -43.0978 1528.85
-89.9401 -43.0978 1465.46
-89.9401 -43.0978 1550.18
-89.9401 -43.0978 1459.73
-89.9401 -43.0478 1618.72
-89.9401 -43.0478 1149.78
-89.9401 -43.0478 1322.36
-89.9401 -43.0478 1333.97
-89.9401 -43.0478 1463.45
-89.9401 -43.0478 1562.16
-89.9401 -43.0478 1374.87
-89.9401 -43.0478 1522.2
-89.9401 -43.0478 1632.26
-89.9401 -43.0478 1571.05
-89.9401 -42.9978 1662.93
-89.9401 -42.9978 1477.76
-89.9401 -42.9978 1282.02
-89.9401 -42.9978 1135.88
-89.9401 -42.9978 1664.31
-89.9401 -42.9978 1560.26
-89.9401 -42.9978 1562.49
-89.9401 -42.9978 1516.85
-89.9401 -42.9978 1422.44
-89.9401 -42.9978 1369.45
-89.9401 -42.9478 1254.53
-89.9401 -42.9478 1284.56
-89.9401 -42.9478 1332.07
-89.9401 -42.9478 1237.76
-89.9401 -42.9478 1533.92
-89.9401 -42.9478 1436.31
-89.9401 -42.9478 1287.87
-89.9401 -42.9478 1268.43
-89.9401 -42.9478 1390.03
-89.9401 -42.9478 1598.67
-89.9401 -42.8978 1594.37
-89.9401 -42.8978 1258.02
-89.9401 -42.8978 1323.74
-89.9401 -42.8978 1293.83
-89.9401 -42.8978 1365.8
-89.9401 -42.8978 1631.02
-89.9401 -42.8978 1594.53
-89.9401 -42.8978 1415.99
-89.9401 -42.8978 1665.45
-89.9401 -42.8978 1441.53
-89.9401 -42.8478 1522
-89.9401 -42.8478 1214.75
-89.9401 -42.8478 1409.8
-89.9401 -42.8478 1627.65
-89.9401 -42.8478 1302.11
-89.9401 -42.8478 1359.03
-89.9401 -42.8478 1597.42
-89.9401 -42.8478 1510.77
-89.9401 -42.8478 1409.3
-89.9401 -42.8478 1256.21
-89.9401 -42.7978 1407.86
-89.9401 -42.7978 1343.53
-89.9401 -42.7978 1481.75
-89.9401 -42.7978 1405.84
-89.9401 -42.7978 1405.78
-89.9401 -42.7978 1540.49
-89.9401 -42.7978 1252.48
-89.9401 -42.7978 1591.94
-89.9401 -42.7978 1373.29
-89.9401 -42.7978 1258.97
-89.9401 -42.7478 1254.79
-89.9401 -42.7478 1389.21
-89.9401 -42.7478 1235.41
-89.9401 -42.7478 1400.84
-89.9401 -42.7478 1211.04
-89.9401 -42.7478 1343.18
-89.9401 -42.7478 1409.65
-89.9401 -42.7478 1545.61
-89.9401 -42.7478 1414.19
-89.9401 -42.7478 1337.2
-89.9401 -42.6978 1361.32
-89.9401 -42.6978 1125.06
-89.9401 -42.6978 1430.43
-89.9401 -42.6978 1664.31
-89.9401 -42.6978 1255.55
-89.9401 -42.6978 1356.52
-89.9401 -42.6978 1284.13
-89.9401 -42.6978 1394.63
-89.9401 -42.6978 1314.22
-89.9401 -42.6978 1456.87
-89.9401 -42.6478 1353.31
-89.9401 -42.6478 1396.43
-89.9401 -42.6478 1402.47
-89.9401 -42.6478 1349.96
-89.9401 -42.6478 1628.87
-89.9401 -42.6478 1371.46
-89.9401 -42.6478 1603.75
-89.9401 -42.6478 1357.94
-89.9401 -42.6478 1334.11
-89.9401 -42.6478 1501.07
-89.9401 -42.5978 1520.49
-89.9401 -42.5978 1210
-89.9401 -42.5978 1347.58
-89.9401 -42.5978 1217.44
-89.9401 -42.5978 1352.54
-89.9401 -42.5978 1415.31
-89.9401 -42.5978 1273.24
-89.9401 -42.5978 1568.5
-89.9401 -42.5978 1361.08
-89.9401 -42.5978 1402.47
-89.9401 -42.5478 1430.71
-89.9401 -42.5478 1299.01
-89.9401 -42.5478 1422.21
-89.9401 -42.5478 1293.3
-89.9401 -42.5478 1403.24
-89.9401 -42.5478 1218.57
-89.9401 -42.5478 1513.74
-89.9401 -42.5478 1356.62
-89.9401 -42.5478 1430.82
-89.9401 -42.5478 1275.84
-89.9401 -42.4978 1335.8
-89.9401 -42.4978 1335.41
-89.9401 -42.4978 1351.47
-89.9401 -42.4978 1513.26
-89.9401 -42.4978 1234.8
-89.9401 -42.4978 1278.33
-89.9401 -42.4978 1534.37
-89.9401 -42.4978 1365.66
-89.9401 -42.4978 1165.96
-89.9401 -42.4978 1351.41
-89.9401 -42.4478 1346.1
-89.9401 -42.4478 1313.22
-89.9401 -42.4478 1219.99
-89.9401 -42.4478 1362.89
-89.9401 -42.4478 1401.63
-89.9401 -42.4478 1293.84
-89.9401 -42.4478 1335.64
-89.9401 -42.4478 1359.69
-89.9401 -42.4478 1409.37
-89.9401 -42.4478 1334.69
-89.9401 -42.3978 1430.99
-89.9401 -42.3978 1593.84
-89.9401 -42.3978 1266.84
-89.9401 -42.3978 1472.98
-89.9401 -42.3978 1346.71
-89.9401 -42.3978 1342.6
-89.9401 -42.3978 1130.43
-89.9401 -42.3978 1496.06
-89.9401 -42.3978 1560.77
-89.9401 -42.3978 1135.12
-89.9401 -42.3478 1255.09
-89.9401 -42.3478 1245.05
-89.9401 -42.3478 1131.84
-89.9401 -42.3478 1223.79
-89.9401 -42.3478 1413.79
-89.9401 -42.3478 1297.89
-89.9401 -42.3478 1367.07
-89.9401 -42.3478 1462.51
-89.9401 -42.3478 1376.04
-89.9401 -42.3478 1260.21
-89.9401 -42.2978 1399.91
-89.9401 -42.2978 1312.95
-89.9401 -42.2978 1153.86
-89.9401 -42.2978 1388.91
-89.9401 -42.2978 1174.52
-89.9401 -42.2978 1137.66
-89.9401 -42.2978 1357.31
-89.9401 -42.2978 1538.84
-89.9401 -42.2978 1495.22
-89.9401 -42.2978 1274.91
-89.9401 -42.2478 1308.76
-89.9401 -42.2478 1460.74
-89.9401 -42.2478 1269
-89.9401 -42.2478 1340.62
-89.9401 -42.2478 1267.73
-89.9401 -42.2478 1333.81
-89.9401 -42.2478 1375.32
-89.9401 -42.2478 1266.69
-89.9401 -42.2478 1279.53
-89.9401 -42.2478 1428.61
