-92.9401 -45.2478 1305.87
-92.9401 -45.2478 1304.35
-92.9401 -45.2478 1485.68
-92.9401 -45.2478 1625.51
-92.9401 -45.2478 1092.67
-92.9401 -45.2478 1398.74
-92.9401 -45.2478 1334.58
-92.9401 -45.2478 1608.35
-92.9401 -45.2478 1351.06
-92.9401 -45.2478 1412.7
-92.8901 -45.2478 1148.58
-92.8901 -45.2478 1401.86
-92.8901 -45.2478 1274.16
-92.8901 -45.2478 1179.26
-92.8901 -45.2478 1445.32
-92.8901 -45.2478 1284.32
-92.8901 -45.2478 1399.63
-92.8901 -45.2478 1227.63
-92.8901 -45.2478 1395.92
-92.8901 -45.2478 1330.9
-92.8401 -45.2478 1246.06
-92.8401 -45.2478 1374.37
-92.8401 -45.2478 1670.54
-92.8401 -45.2478 1475.03
-92.8401 -45.2478 1306.48
-92.8401 -45.2478 1394.95
-92.8401 -45.2478 1303.76
-92.8401 -45.2478 1253.25
-92.8401 -45.2478 1307.33
-92.8401 -45.2478 1378.17
-92.7901 -45.2478 1546.36
-92.7901 -45.2478 1521.52
-92.7901 -45.2478 1351.37
-92.7901 -45.2478 1288.11
-92.7901 -45.2478 1345.46
-92.7901 -45.2478 1445.86
-92.7901 -45.2478 1408.9
-92.7901 -45.2478 1421.07
-92.7901 -45.2478 1305.07
-92.7901 -45.2478 1531.87
-92.7401 -45.2478 1249.06
-92.7401 -45.2478 1215.14
-92.7401 -45.2478 1428.83
-92.7401 -45.2478 1476.93
-92.7401 -45.2478 1498.85
-92.7401 -45.2478 1275.49
-92.7401 -45.2478 980.975
-92.7401 -45.2478 1452.47
-92.7401 -45.2478 1389.65
-92.7401 -45.2478 1310.69
-92.6901 -45.2478 1191.05
-92.6901 -45.2478 1451.74
-92.6901 -45.2478 1443.6
-92.6901 -45.2478 1416.05
-92.6901 -45.2478 1354.85
-92.6901 -45.2478 1328.66
-92.6901 -45.2478 1326.18
-92.6901 -45.2478 1284.36
-92.6901 -45.2478 1310.58
-92.6901 -45.2478 1260.18
-92.6401 -45.2478 1383.39
-92.6401 -45.2478 1371.44
-92.6401 -45.2478 1424.41
-92.6401 -45.2478 1555.7
-92.6401 -45.2478 1312.1
-92.6401 -45.2478 1353.74
-92.6401 -45.2478 1559.71
-92.6401 -45.2478 1274.37
-92.6401 -45.2478 1389.61
-92.6401 -45.2478 1391.26
-92.5901 -45.2478 1058.01
-92.5901 -45.2478 1211.78
-92.5901 -45.2478 1295.32
-92.5901 -45.2478 1375
-92.5901 -45.2478 1270.29
-92.5901 -45.2478 1346.94
-92.5901 -45.2478 1449.27
-92.5901 -45.2478 1382.89
-92.5901 -45.2478 1343.44
-92.5901 -45.2478 1236.55
-92.5401 -45.2478 1253.29
-92.5401 -45.2478 1252.87
-92.5401 -45.2478 1284.56
-92.5401 -45.2478 1463.44
-92.5401 -45.2478 1445.31
-92.5401 -45.2478 1446.72
-92.5401 -45.2478 1304.63
-92.5401 -45.2478 1246.8
-92.5401 -45.2478 1484.75
-92.5401 -45.2478 1208.73
-92.4901 -45.2478 1423.6
-92.4901 -45.2478 1169.38
-92.4901 -45.2478 1399.27
-92.4901 -45.2478 1372.13
-92.4901 -45.2478 1429.72
-92.4901 -45.2478 1215.5
-92.4901 -45.2478 1388.24
-92.4901 -45.2478 1411.82
-92.4901 -45.2478 1535.83
-92.4901 -45.2478 1357.72
-92.4401 -45.2478 1522.53
-92.4401 -45.2478 1346.09
-92.4401 -45.2478 1233.24
-92.4401 -45.2478 1401.03
-92.4401 -45.2478 1410.67
-92.4401 -45.2478 1199.94
-92.4401 -45.2478 1365.7
-92.4401 -45.2478 1450.15
-92.4401 -45.2478 1210.79
-92.4401 -45.2478 1486.53
-92.3901 -45.2478 1245.23
-92.3901 -45.2478 1223.79
-92.3901 -45.2478 1364.57
-92.3901 -45.2478 1270.95
-92.3901 -45.2478 1516.65
-92.3901 -45.2478 1315.7
-92.3901 -45.2478 1185.17
-92.3901 -45.2478 1150.69
-92.3901 -45.2478 1502.21
-92.3901 -45.2478 1380.25
-92.3401 -45.2478 1399.61
-92.3401 -45.2478 1366.12
-92.3401 -45.2478 1481.64
-92.3401 -45.2478 1350.11
-92.3401 -45.2478 1341.6
-92.3401 -45.2478 1527.87
-92.3401 -45.2478 1384.06
-92.3401 -45.2478 1422.8
-92.3401 -45.2478 1507.75
-92.3401 -45.2478 1475.83
-92.2901 -45.2478 1586.82
-92.2901 -45.2478 1490.2
-92.2901 -45.2478 1503.4
-92.2901 -45.2478 1411.68
-92.2901 -45.2478 1380.12
-92.2901 -45.2478 1281.09
-92.2901 -45.2478 1470.12
-92.2901 -45.2478 1464.38
-92.2901 -45.2478 1412.75
-92.2901 -45.2478 1266.05
-92.2401 -45.2478 1404.22
-92.2401 -45.2478 1493.53
-92.2401 -45.2478 1511
-92.2401 -45.2478 1656.89
-92.2401 -45.2478 1484.81
-92.2401 -45.2478 1239.42
-92.2401 -45.2478 1350.2
-92.2401 -45.2478 1243.7
-92.2401 -45.2478 1515.08
-92.2401 -45.2478 1359.03
-92.1901 -45.2478 1316.94
-92.1901 -45.2478 1388.6
-92.1901 -45.2478 1443.29
-92.1901 -45.2478 1468.21
-92.1901 -45.2478 1306.14
-92.1901 -45.2478 1178.85
-92.1901 -45.2478 1275.61
-92.1901 -45.2478 1299.98
-92.1901 -45.2478 1414.79
-92.1901 -45.2478 1417.46
-92.1401 -45.2478 1224.96
-92.1401 -45.2478 1337.66
-92.1401 -45.2478 1465.37
-92.1401 -45.2478 1309.3
-92.1401 -45.2478 1302.81
-92.1401 -45.2478 1402.37
-92.1401 -45.2478 1302.41
-92.1401 -45.2478 1292.77
-92.1401 -45.2478 1488.63
-92.1401 -45.2478 1411.18
-92.0901 -45.2478 1413.23
-92.0901 -45.2478 1409.06
-92.0901 -45.2478 1416.7
-92.0901 -45.2478 1496.74
-92.0901 -45.2478 1523.64
-92.0901 -45.2478 1443.22
-92.0901 -45.2478 1340.3
-92.0901 -45.2478 1392.41
-92.0901 -45.2478 1647.34
-92.0901 -45.2478 1472.3
-92.0401 -45.2478 1334.51
-92.0401 -45.2478 1467
-92.0401 -45.2478 1332.82
-92.0401 -45.2478 1543.83
-92.0401 -45.2478 1393.02
-92.0401 -45.2478 1556.65
-92.0401 -45.2478 1655.97
-92.0401 -45.2478 1640.38
-92.0401 -45.2478 1541.87
-92.0401 -45.2478 1315.51
-91.9901 -45.2478 1608.68
-91.9901 -45.2478 1653.97
-91.9901 -45.2478 1315.77
-91.9901 -45.2478 1463.27
-91.9901 -45.2478 1666.56
-91.9901 -45.2478 1409.91
-91.9901 -45.2478 1536.15
-91.9901 -45.2478 1721.81
-91.9901 -45.2478 1403.91
-91.9901 -45.2478 1492.7
-91.9401 -45.2478 1473.32
-91.9401 -45.2478 1589.84
-91.9401 -45.2478 1524.76
-91.9401 -45.2478 1499.94
-91.9401 -45.2478 1775.4
-91.9401 -45.2478 0
-91.9401 -45.2478 1419.37
-91.9401 -45.2478 1817.64
-91.9401 -45.2478 1796.68
-91.9401 -45.2478 1370.63
-91.8901 -45.2478 1760.02
-91.8901 -45.2478 1804.81
-91.8901 -45.2478 1807.59
-91.8901 -45.2478 1753.04
-91.8901 -45.2478 1722.08
-91.8901 -45.2478 1868.95
-91.8901 -45.2478 1676.66
-91.8901 -45.2478 1818.39
-91.8901 -45.2478 1487.5
-91.8901 -45.2478 1970.67
-91.8401 -45.2478 2137.87
-91.8401 -45.2478 2229.44
-91.8401 -45.2478 1884.98
-91.8401 -45.2478 1955.1
-91.8401 -45.2478 2088.71
-91.8401 -45.2478 2063.54
-91.8401 -45.2478 2131.01
-91.8401 -45.2478 2112.78
-91.8401 -45.2478 2396.03
-91.8401 -45.2478 2041.42
-91.7901 -45.2478 0
-91.7901 -45.2478 2448.95
-91.7901 -45.2478 2585.88
-91.7901 -45.2478 2611.61
-91.7901 -45.2478 2542.14
-91.7901 -45.2478 2410.09
-91.7901 -45.2478 2686.18
-91.7901 -45.2478 2181.95
-91.7901 -45.2478 2667.72
-91.7901 -45.2478 2476.87
-91.7401 -45.2478 3192.89
-91.7401 -45.2478 3106.45
-91.7401 -45.2478 3391.57
-91.7401 -45.2478 3328.75
-91.7401 -45.2478 2998.99
-91.7401 -45.2478 2831.36
-91.7401 -45.2478 3382.57
-91.7401 -45.2478 3213.33
-91.7401 -45.2478 3012.3
-91.7401 -45.2478 3115.72
-91.6901 -45.2478 3970.11
-91.6901 -45.2478 4143.31
-91.6901 -45.2478 4093.37
-91.6901 -45.2478 4080.2
-91.6901 -45.2478 4220.83
-91.6901 -45.2478 4217.03
-91.6901 -45.2478 3923.68
-91.6901 -45.2478 4041.74
-91.6901 -45.2478 3797.3
-91.6901 -45.2478 3924.89
-91.6401 -45.2478 4698.97
-91.6401 -45.2478 5195.31
-91.6401 -45.2478 5106.53
-91.6401 -45.2478 5129.44
-91.6401 -45.2478 5009.11
-91.6401 -45.2478 5171.13
-91.6401 -45.2478 4877.51
-91.6401 -45.2478 4793.71
-91.6401 -45.2478 5245.94
-91.6401 -45.2478 5165.77
-91.5901 -45.2478 7230.22
-91.5901 -45.2478 6715.69
-91.5901 -45.2478 6143.61
-91.5901 -45.2478 6696.36
-91.5901 -45.2478 7077.58
-91.5901 -45.2478 6473.39
-91.5901 -45.2478 6509.97
-91.5901 -45.2478 6569.47
-91.5901 -45.2478 6451.25
-91.5901 -45.2478 7043.92
-91.5401 -45.2478 8559.11
-91.5401 -45.2478 9034.83
-91.5401 -45.2478 9259.64
-91.5401 -45.2478 8854.37
-91.5401 -45.2478 9579.27
-91.5401 -45.2478 8491.65
-91.5401 -45.2478 8887.29
-91.5401 -45.2478 8522.58
-91.5401 -45.2478 8644.01
-91.5401 -45.2478 8623.23
-91.4901 -45.2478 11928.8
-91.4901 -45.2478 11683.9
-91.4901 -45.2478 11993.8
-91.4901 -45.2478 11955.1
-91.4901 -45.2478 11401.8
-91.4901 -45.2478 12228.9
-91.4901 -45.2478 11938.6
-91.4901 -45.2478 11720.4
-91.4901 -45.2478 11629.5
-91.4901 -45.2478 11933
-91.4401 -45.2478 14066.7
-91.4401 -45.2478 14067.2
-91.4401 -45.2478 13802.1
-91.4401 -45.2478 14186.5
-91.4401 -45.2478 14805.4
-91.4401 -45.2478 14396.3
-91.4401 -45.2478 14902.3
-91.4401 -45.2478 15121.6
-91.4401 -45.2478 14633.8
-91.4401 -45.2478 15440.1
-91.3901 -45.2478 18199.6
-91.3901 -45.2478 17860.3
-91.3901 -45.2478 17518.8
-91.3901 -45.2478 16555.9
-91.3901 -45.2478 17195.6
-91.3901 -45.2478 17684.4
-91.3901 -45.2478 18128.7
-91.3901 -45.2478 17165.1
-91.3901 -45.2478 17331.7
-91.3901 -45.2478 17358.9
-91.3401 -45.2478 20233.9
-91.3401 -45.2478 20970.5
-91.3401 -45.2478 20326.8
-91.3401 -45.2478 20924.8
-91.3401 -45.2478 20048.4
-91.3401 -45.2478 20157.6
-91.3401 -45.2478 20025.7
-91.3401 -45.2478 20493.5
-91.3401 -45.2478 19743.4
-91.3401 -45.2478 20773.6
-91.2901 -45.2478 22627.8
-91.2901 -45.2478 22595.1
-91.2901 -45.2478 22784.2
-91.2901 -45.2478 22432.8
-91.2901 -45.2478 22958.2
-91.2901 -45.2478 23218.8
-91.2901 -45.2478 22889.6
-91.2901 -45.2478 22208.7
-91.2901 -45.2478 23231.3
-91.2901 -45.2478 22828.9
-91.2401 -45.2478 24178.8
-91.2401 -45.2478 23482.2
-91.2401 -45.2478 24068.6
-91.2401 -45.2478 22626.9
-91.2401 -45.2478 24225.6
-91.2401 -45.2478 24350.4
-91.2401 -45.2478 24385
-91.2401 -45.2478 24490.3
-91.2401 -45.2478 24464
-91.2401 -45.2478 23853
-91.1901 -45.2478 25195.7
-91.1901 -45.2478 25285.5
-91.1901 -45.2478 26016.3
-91.1901 -45.2478 26305.4
-91.1901 -45.2478 25226.1
-91.1901 -45.2478 25077
-91.1901 -45.2478 25723.7
-91.1901 -45.2478 25977.6
-91.1901 -45.2478 24830.9
-91.1901 -45.2478 25654
-91.1401 -45.2478 26392.5
-91.1401 -45.2478 25973.1
-91.1401 -45.2478 26261.9
-91.1401 -45.2478 26491.8
-91.1401 -45.2478 25782.5
-91.1401 -45.2478 26212.4
-91.1401 -45.2478 26960.8
-91.1401 -45.2478 26138.5
-91.1401 -45.2478 25426.1
-91.1401 -45.2478 25158.5
-91.0901 -45.2478 26350.2
-91.0901 -45.2478 26227.7
-91.0901 -45.2478 27880.8
-91.0901 -45.2478 26211.8
-91.0901 -45.2478 26578.5
-91.0901 -45.2478 26626.9
-91.0901 -45.2478 25562.5
-91.0901 -45.2478 26593.6
-91.0901 -45.2478 26257.1
-91.0901 -45.2478 26256.3
-91.0401 -45.2478 27652.2
-91.0401 -45.2478 27307.8
-91.0401 -45.2478 27436.8
-91.0401 -45.2478 27279.9
-91.0401 -45.2478 25170.4
-91.0401 -45.2478 26071.4
-91.0401 -45.2478 25653.4
-91.0401 -45.2478 26914.2
-91.0401 -45.2478 26907.5
-91.0401 -45.2478 26812.7
-90.9901 -45.2478 27270
-90.9901 -45.2478 26653.4
-90.9901 -45.2478 27449.6
-90.9901 -45.2478 27276.7
-90.9901 -45.2478 26412.6
-90.9901 -45.2478 27438.2
-90.9901 -45.2478 26246.9
-90.9901 -45.2478 26911.3
-90.9901 -45.2478 27027.7
-90.9901 -45.2478 26908
-90.9401 -45.2478 26731.2
-90.9401 -45.2478 26111.2
-90.9401 -45.2478 27058.6
-90.9401 -45.2478 27477.2
-90.9401 -45.2478 27774.7
-90.9401 -45.2478 27093.9
-90.9401 -45.2478 26608.6
-90.9401 -45.2478 26368.8
-90.9401 -45.2478 27981.2
-90.9401 -45.2478 27818.4
-90.8901 -45.2478 26207.7
-90.8901 -45.2478 27187.8
-90.8901 -45.2478 27665.7
-90.8901 -45.2478 27018.5
-90.8901 -45.2478 27511.9
-90.8901 -45.2478 27346
-90.8901 -45.2478 26685
-90.8901 -45.2478 26774.2
-90.8901 -45.2478 28182.3
-90.8901 -45.2478 27532.8
-90.8401 -45.2478 26942.4
-90.8401 -45.2478 26836.8
-90.8401 -45.2478 27218.6
-90.8401 -45.2478 27312.2
-90.8401 -45.2478 26187.3
-90.8401 -45.2478 27237.3
-90.8401 -45.2478 27771.5
-90.8401 -45.2478 26744.1
-90.8401 -45.2478 26672.7
-90.8401 -45.2478 26616.8
-90.7901 -45.2478 27462
-90.7901 -45.2478 28044.4
-90.7901 -45.2478 27248.7
-90.7901 -45.2478 25597
-90.7901 -45.2478 27360.8
-90.7901 -45.2478 26442.1
-90.7901 -45.2478 26331.5
-90.7901 -45.2478 26682.9
-90.7901 -45.2478 26768.2
-90.7901 -45.2478 26802.3
-90.7401 -45.2478 27818.4
-90.7401 -45.2478 26187.1
-90.7401 -45.2478 28409.7
-90.7401 -45.2478 27241.2
-90.7401 -45.2478 26960.1
-90.7401 -45.2478 27517.1
-90.7401 -45.2478 27899.6
-90.7401 -45.2478 27775.9
-90.7401 -45.2478 27484.8
-90.7401 -45.2478 27632.5
-90.6901 -45.2478 26535
-90.6901 -45.2478 26997.7
-90.6901 -45.2478 26638.8
-90.6901 -45.2478 28014.4
-90.6901 -45.2478 26969.3
-90.6901 -45.2478 27293.2
-90.6901 -45.2478 27655.8
-90.6901 -45.2478 27531.3
-90.6901 -45.2478 27580.9
-90.6901 -45.2478 27036.3
-90.6401 -45.2478 27607.3
-90.6401 -45.2478 27708.2
-90.6401 -45.2478 28291.9
-90.6401 -45.2478 27036.8
-90.6401 -45.2478 26857.9
-90.6401 -45.2478 28108.1
-90.6401 -45.2478 26237.4
-90.6401 -45.2478 28000.5
-90.6401 -45.2478 27036.1
-90.6401 -45.2478 26736.4
-90.5901 -45.2478 28141.3
-90.5901 -45.2478 27221.5
-90.5901 -45.2478 27472.7
-90.5901 -45.2478 27787
-90.5901 -45.2478 27331.5
-90.5901 -45.2478 26882.3
-90.5901 -45.2478 27517
-90.5901 -45.2478 27259.8
-90.5901 -45.2478 27544.7
-90.5901 -45.2478 26890
-90.5401 -45.2478 27234.1
-90.5401 -45.2478 27502.5
-90.5401 -45.2478 27505.6
-90.5401 -45.2478 28609.7
-90.5401 -45.2478 27484.5
-90.5401 -45.2478 26499.7
-90.5401 -45.2478 27834.1
-90.5401 -45.2478 27255.4
-90.5401 -45.2478 27994.1
-90.5401 -45.2478 27264.9
-90.4901 -45.2478 26165.2
-90.4901 -45.2478 27275.5
-90.4901 -45.2478 27171
-90.4901 -45.2478 26644.1
-90.4901 -45.2478 27550.2
-90.4901 -45.2478 26855.4
-90.4901 -45.2478 27732
-90.4901 -45.2478 26778.4
-90.4901 -45.2478 26383.5
-90.4901 -45.2478 26859.9
-90.4401 -45.2478 27347.4
-90.4401 -45.2478 27133.4
-90.4401 -45.2478 27602
-90.4401 -45.2478 28437.2
-90.4401 -45.2478 27618.5
-90.4401 -45.2478 26504.9
-90.4401 -45.2478 27462.7
-90.4401 -45.2478 26963.9
-90.4401 -45.2478 27058.3
-90.4401 -45.2478 26727.5
-90.3901 -45.2478 27497.3
-90.3901 -45.2478 27645.2
-90.3901 -45.2478 27265.3
-90.3901 -45.2478 27145.6
-90.3901 -45.2478 27549.2
-90.3901 -45.2478 27114
-90.3901 -45.2478 26949.6
-90.3901 -45.2478 26646.6
-90.3901 -45.2478 27595.3
-90.3901 -45.2478 25965
-90.3401 -45.2478 26619.5
-90.3401 -45.2478 26659
-90.3401 -45.2478 27937.6
-90.3401 -45.2478 27462
-90.3401 -45.2478 27024.1
-90.3401 -45.2478 27086.2
-90.3401 -45.2478 28045
-90.3401 -45.2478 27820.7
-90.3401 -45.2478 27765.9
-90.3401 -45.2478 28250.1
-90.2901 -45.2478 27105.1
-90.2901 -45.2478 26118
-90.2901 -45.2478 27730.7
-90.2901 -45.2478 25725.8
-90.2901 -45.2478 26851.6
-90.2901 -45.2478 26183.7
-90.2901 -45.2478 26807.3
-90.2901 -45.2478 26273.5
-90.2901 -45.2478 26828.9
-90.2901 -45.2478 26570.2
-90.2401 -45.2478 26586.5
-90.2401 -45.2478 25145
-90.2401 -45.2478 25725.1
-90.2401 -45.2478 26436.9
-90.2401 -45.2478 25663.1
-90.2401 -45.2478 26788.3
-90.2401 -45.2478 26693.5
-90.2401 -45.2478 25358.6
-90.2401 -45.2478 26094.5
-90.2401 -45.2478 25900.6
-90.1901 -45.2478 25658.3
-90.1901 -45.2478 25374.2
-90.1901 -45.2478 25504.2
-90.1901 -45.2478 25102.5
-90.1901 -45.2478 25945
-90.1901 -45.2478 25874
-90.1901 -45.2478 24883.2
-90.1901 -45.2478 24889.9
-90.1901 -45.2478 25912
-90.1901 -45.2478 24819.5
-90.1401 -45.2478 25022.3
-90.1401 -45.2478 25351.7
-90.1401 -45.2478 24311.8
-90.1401 -45.2478 24244
-90.1401 -45.2478 24186
-90.1401 -45.2478 25396.7
-90.1401 -45.2478 24221.2
-90.1401 -45.2478 25841.1
-90.1401 -45.2478 23700.1
-90.1401 -45.2478 24442.3
-90.0901 -45.2478 24337.3
-90.0901 -45.2478 24270.9
-90.0901 -45.2478 24676.8
-90.0901 -45.2478 23100.1
-90.0901 -45.2478 24720.2
-90.0901 -45.2478 24435.8
-90.0901 -45.2478 23707.7
-90.0901 -45.2478 25002.6
-90.0901 -45.2478 23552.1
-90.0901 -45.2478 23189.3
-90.0401 -45.2478 23689.9
-90.0401 -45.2478 24388.3
-90.0401 -45.2478 23326.5
-90.0401 -45.2478 23597
-90.0401 -45.2478 23361.7
-90.0401 -45.2478 23942.3
-90.0401 -45.2478 23673.9
-90.0401 -45.2478 23564.6
-90.0401 -45.2478 23216.5
-90.0401 -45.2478 23367.9
-89.9901 -45.2478 22420.5
-89.9901 -45.2478 22547.6
-89.9901 -45.2478 22869.6
-89.9901 -45.2478 23491.7
-89.9901 -45.2478 24017.7
-89.9901 -45.2478 23721.7
-89.9901 -45.2478 22965.6
-89.9901 -45.2478 23529.1
-89.9901 -45.2478 23118.1
-89.9901 -45.2478 23683.2
-89.9401 -45.2478 23455.6
-89.9401 -45.2478 24080.3
-89.9401 -45.2478 23694.3
-89.9401 -45.2478 23736.6
-89.9401 -45.2478 23837.6
-89.9401 -45.2478 22810.6
-89.9401 -45.2478 23020.8
-89.9401 -45.2478 24456.3
-89.9401 -45.2478 24517.2
-89.9401 -45.2478 23500.1
-89.8901 -45.2478 23849.4
-89.8901 -45.2478 24210.9
-89.8901 -45.2478 23863.7
-89.8901 -45.2478 24331.3
-89.8901 -45.2478 23840
-89.8901 -45.2478 24935.9
-89.8901 -45.2478 24571.8
-89.8901 -45.2478 24318.3
-89.8901 -45.2478 23303.3
-89.8901 -45.2478 23305.8
-89.8401 -45.2478 24406.5
-89.8401 -45.2478 23934.4
-89.8401 -45.2478 23777.6
-89.8401 -45.2478 24210.9
-89.8401 -45.2478 23558.1
-89.8401 -45.2478 23715.4
-89.8401 -45.2478 24791.9
-89.8401 -45.2478 23619.2
-89.8401 -45.2478 23849.3
-89.8401 -45.2478 25025.7
-89.7901 -45.2478 24403.6
-89.7901 -45.2478 24387.8
-89.7901 -45.2478 24378.9
-89.7901 -45.2478 25180.3
-89.7901 -45.2478 24420
-89.7901 -45.2478 24612.3
-89.7901 -45.2478 23907.1
-89.7901 -45.2478 24978.3
-89.7901 -45.2478 25002.2
-89.7901 -45.2478 26172
-89.7401 -45.2478 26129.1
-89.7401 -45.2478 24985.4
-89.7401 -45.2478 24931.3
-89.7401 -45.2478 0
-89.7401 -45.2478 25280.9
-89.7401 -45.2478 26013.1
-89.7401 -45.2478 25578.6
-89.7401 -45.2478 25059.1
-89.7401 -45.2478 26048.2
-89.7401 -45.2478 24964.5
-89.6901 -45.2478 25507.7
-89.6901 -45.2478 25943.7
-89.6901 -45.2478 26038.3
-89.6901 -45.2478 25459
-89.6901 -45.2478 25587.6
-89.6901 -45.2478 26372.7
-89.6901 -45.2478 26416.9
-89.6901 -45.2478 26044.7
-89.6901 -45.2478 25768
-89.6901 -45.2478 25151.2
-89.6401 -45.2478 27318.7
-89.6401 -45.2478 26923.7
-89.6401 -45.2478 26799.8
-89.6401 -45.2478 26476.7
-89.6401 -45.2478 25889.4
-89.6401 -45.2478 25757.5
-89.6401 -45.2478 26199.7
-89.6401 -45.2478 26270.8
-89.6401 -45.2478 27410.2
-89.6401 -45.2478 27216.5
-89.5901 -45.2478 25604.7
-89.5901 -45.2478 27094.3
-89.5901 -45.2478 26574.7
-89.5901 -45.2478 27608.1
-89.5901 -45.2478 27361.3
-89.5901 -45.2478 25749.3
-89.5901 -45.2478 26917.1
-89.5901 -45.2478 26397.3
-89.5901 -45.2478 27914.3
-89.5901 -45.2478 26119.6
-89.5401 -45.2478 27006.2
-89.5401 -45.2478 27507.6
-89.5401 -45.2478 27445.6
-89.5401 -45.2478 27777.5
-89.5401 -45.2478 26727.3
-89.5401 -45.2478 28080.1
-89.5401 -45.2478 26640.5
-89.5401 -45.2478 26976.6
-89.5401 -45.2478 27063.9
-89.5401 -45.2478 27232.7
-89.4901 -45.2478 26720.5
-89.4901 -45.2478 27125.3
-89.4901 -45.2478 27606.9
-89.4901 -45.2478 27842.2
-89.4901 -45.2478 27852.8
-89.4901 -45.2478 27380.6
-89.4901 -45.2478 26906.7
-89.4901 -45.2478 26932.4
-89.4901 -45.2478 27245.4
-89.4901 -45.2478 27584.1
-89.4401 -45.2478 27787.4
-89.4401 -45.2478 26731.5
-89.4401 -45.2478 28302.7
-89.4401 -45.2478 27537.2
-89.4401 -45.2478 26946.3
-89.4401 -45.2478 27297.3
-89.4401 -45.2478 27001.5
-89.4401 -45.2478 26324.2
-89.4401 -45.2478 27142.8
-89.4401 -45.2478 27742.7
-89.3901 -45.2478 27985
-89.3901 -45.2478 27022.8
-89.3901 -45.2478 27736.7
-89.3901 -45.2478 27181.8
-89.3901 -45.2478 27135.2
-89.3901 -45.2478 27674.3
-89.3901 -45.2478 27747.3
-89.3901 -45.2478 26588.9
-89.3901 -45.2478 27689.5
-89.3901 -45.2478 28598.4
-89.3401 -45.2478 26977
-89.3401 -45.2478 27655.2
-89.3401 -45.2478 26802.7
-89.3401 -45.2478 26950.1
-89.3401 -45.2478 25984.6
-89.3401 -45.2478 27403.4
-89.3401 -45.2478 28140
-89.3401 -45.2478 27305.5
-89.3401 -45.2478 27079.7
-89.3401 -45.2478 27665.6
-89.2901 -45.2478 27880.7
-89.2901 -45.2478 27556.2
-89.2901 -45.2478 27098.6
-89.2901 -45.2478 27991.3
-89.2901 -45.2478 28129.6
-89.2901 -45.2478 28274.2
-89.2901 -45.2478 27225.4
-89.2901 -45.2478 27952.6
-89.2901 -45.2478 26501.6
-89.2901 -45.2478 27218.4
-89.2401 -45.2478 27164.5
-89.2401 -45.2478 28005.9
-89.2401 -45.2478 27308.8
-89.2401 -45.2478 27242
-89.2401 -45.2478 27578.8
-89.2401 -45.2478 27610.4
-89.2401 -45.2478 27346.8
-89.2401 -45.2478 28363.5
-89.2401 -45.2478 27724.8
-89.2401 -45.2478 27482.3
-89.1901 -45.2478 27536.7
-89.1901 -45.2478 26771
-89.1901 -45.2478 28017.2
-89.1901 -45.2478 26326.9
-89.1901 -45.2478 27471.1
-89.1901 -45.2478 26242.1
-89.1901 -45.2478 27158.4
-89.1901 -45.2478 27986.8
-89.1901 -45.2478 27402.9
-89.1901 -45.2478 27426.1
-89.1401 -45.2478 26790.7
-89.1401 -45.2478 27120.7
-89.1401 -45.2478 27889.6
-89.1401 -45.2478 26938
-89.1401 -45.2478 27270.9
-89.1401 -45.2478 27434.5
-89.1401 -45.2478 27775.7
-89.1401 -45.2478 27566.8
-89.1401 -45.2478 27561.8
-89.1401 -45.2478 26988.3
-89.0901 -45.2478 26602.3
-89.0901 -45.2478 28455
-89.0901 -45.2478 28196.1
-89.0901 -45.2478 26538.9
-89.0901 -45.2478 26875.1
-89.0901 -45.2478 27603.7
-89.0901 -45.2478 27195.9
-89.0901 -45.2478 27720.8
-89.0901 -45.2478 27394.9
-89.0901 -45.2478 26626.7
-89.0401 -45.2478 27312.1
-89.0401 -45.2478 27590.7
-89.0401 -45.2478 27460.5
-89.0401 -45.2478 26573.7
-89.0401 -45.2478 27043.9
-89.0401 -45.2478 26916.2
-89.0401 -45.2478 28419.6
-89.0401 -45.2478 27528.4
-89.0401 -45.2478 26921.7
-89.0401 -45.2478 26226.6
-88.9901 -45.2478 27474.9
-88.9901 -45.2478 26971.3
-88.9901 -45.2478 26820.9
-88.9901 -45.2478 26769.5
-88.9901 -45.2478 26652.7
-88.9901 -45.2478 27253.4
-88.9901 -45.2478 27795.6
-88.9901 -45.2478 26400
-88.9901 -45.2478 26317.3
-88.9901 -45.2478 27257.8
-88.9401 -45.2478 26769.4
-88.9401 -45.2478 27038.4
-88.9401 -45.2478 27553.4
-88.9401 -45.2478 26335.7
-88.9401 -45.2478 26569.1
-88.9401 -45.2478 27848.2
-88.9401 -45.2478 27403.8
-88.9401 -45.2478 27029.1
-88.9401 -45.2478 26784.6
-88.9401 -45.2478 27438.9
-88.8901 -45.2478 27394.4
-88.8901 -45.2478 25824.7
-88.8901 -45.2478 26437.6
-88.8901 -45.2478 27971.9
-88.8901 -45.2478 27133.8
-88.8901 -45.2478 27292.9
-88.8901 -45.2478 27286.4
-88.8901 -45.2478 26735.6
-88.8901 -45.2478 27285.5
-88.8901 -45.2478 26598
-88.8401 -45.2478 26618
-88.8401 -45.2478 26457.8
-88.8401 -45.2478 27752.4
-88.8401 -45.2478 26851.9
-88.8401 -45.2478 26813.7
-88.8401 -45.2478 27718.2
-88.8401 -45.2478 26446.8
-88.8401 -45.2478 27500.5
-88.8401 -45.2478 26588.6
-88.8401 -45.2478 27679.9
-88.7901 -45.2478 27104.9
-88.7901 -45.2478 26042.4
-88.7901 -45.2478 26381.8
-88.7901 -45.2478 26597.7
-88.7901 -45.2478 25272.1
-88.7901 -45.2478 27146.7
-88.7901 -45.2478 26702.5
-88.7901 -45.2478 26908.5
-88.7901 -45.2478 25820
-88.7901 -45.2478 26490.6
-88.7401 -45.2478 25748
-88.7401 -45.2478 27358.5
-88.7401 -45.2478 25876.5
-88.7401 -45.2478 25531.3
-88.7401 -45.2478 25318.3
-88.7401 -45.2478 25336.5
-88.7401 -45.2478 25845.4
-88.7401 -45.2478 24997.7
-88.7401 -45.2478 26210.7
-88.7401 -45.2478 25274.7
-88.6901 -45.2478 25950.4
-88.6901 -45.2478 25424.4
-88.6901 -45.2478 25375.5
-88.6901 -45.2478 24672.2
-88.6901 -45.2478 25192.5
-88.6901 -45.2478 25089.7
-88.6901 -45.2478 25343.2
-88.6901 -45.2478 25242.9
-88.6901 -45.2478 24961.6
-88.6901 -45.2478 25580.1
-88.6401 -45.2478 23942.5
-88.6401 -45.2478 23712.5
-88.6401 -45.2478 23557.3
-88.6401 -45.2478 24369
-88.6401 -45.2478 23981
-88.6401 -45.2478 24557.2
-88.6401 -45.2478 24964.3
-88.6401 -45.2478 23641.8
-88.6401 -45.2478 24218.8
-88.6401 -45.2478 24026
-88.5901 -45.2478 22515.1
-88.5901 -45.2478 22019.1
-88.5901 -45.2478 22009
-88.5901 -45.2478 22385
-88.5901 -45.2478 22670.2
-88.5901 -45.2478 22965.8
-88.5901 -45.2478 21634.4
-88.5901 -45.2478 21773.9
-88.5901 -45.2478 22558.6
-88.5901 -45.2478 20851.7
-88.5401 -45.2478 19529.1
-88.5401 -45.2478 19169.3
-88.5401 -45.2478 19613.5
-88.5401 -45.2478 20180.3
-88.5401 -45.2478 18986.4
-88.5401 -45.2478 19621.2
-88.5401 -45.2478 19307.8
-88.5401 -45.2478 20441.6
-88.5401 -45.2478 19774.7
-88.5401 -45.2478 19905.8
-88.4901 -45.2478 16536.5
-88.4901 -45.2478 16041.7
-88.4901 -45.2478 16310.4
-88.4901 -45.2478 16529.9
-88.4901 -45.2478 15856
-88.4901 -45.2478 16261.2
-88.4901 -45.2478 15633.4
-88.4901 -45.2478 16535
-88.4901 -45.2478 16807.9
-88.4901 -45.2478 16915.5
-88.4401 -45.2478 13125
-88.4401 -45.2478 13690.4
-88.4401 -45.2478 13190.2
-88.4401 -45.2478 13158.9
-88.4401 -45.2478 13003.5
-88.4401 -45.2478 13803.9
-88.4401 -45.2478 13579.9
-88.4401 -45.2478 13596.5
-88.4401 -45.2478 13999.4
-88.4401 -45.2478 13545.3
-88.3901 -45.2478 9818.91
-88.3901 -45.2478 10265.2
-88.3901 -45.2478 9879.59
-88.3901 -45.2478 9835.69
-88.3901 -45.2478 10053
-88.3901 -45.2478 9575.14
-88.3901 -45.2478 9710.36
-88.3901 -45.2478 9702.75
-88.3901 -45.2478 10129.6
-88.3901 -45.2478 9969.15
-88.3401 -45.2478 7219.83
-88.3401 -45.2478 7161.6
-88.3401 -45.2478 7109.58
-88.3401 -45.2478 7074.69
-88.3401 -45.2478 7330.68
-88.3401 -45.2478 6998.05
-88.3401 -45.2478 7119.25
-88.3401 -45.2478 7098.88
-88.3401 -45.2478 6774.84
-88.3401 -45.2478 7091.78
-88.2901 -45.2478 4699.69
-88.2901 -45.2478 5151.2
-88.2901 -45.2478 4987.57
-88.2901 -45.2478 5077.59
-88.2901 -45.2478 4738.23
-88.2901 -45.2478 4695.93
-88.2901 -45.2478 4763.11
-88.2901 -45.2478 5016.7
-88.2901 -45.2478 4548.93
-88.2901 -45.2478 4509.39
-88.2401 -45.2478 3101.21
-88.2401 -45.2478 3198.49
-88.2401 -45.2478 3107.89
-88.2401 -45.2478 3315.84
-88.2401 -45.2478 3168.32
-88.2401 -45.2478 3500.58
-88.2401 -45.2478 3134.12
-88.2401 -45.2478 3445.52
-88.2401 -45.2478 3446.42
-88.2401 -45.2478 2896.01
-88.1901 -45.2478 2481.68
-88.1901 -45.2478 2641.23
-88.1901 -45.2478 2439.03
-88.1901 -45.2478 2517.36
-88.1901 -45.2478 2443.9
-88.1901 -45.2478 2838.51
-88.1901 -45.2478 2259.24
-88.1901 -45.2478 2577.98
-88.1901 -45.2478 2415.98
-88.1901 -45.2478 2177.59
-88.1401 -45.2478 1916.02
-88.1401 -45.2478 2035.65
-88.1401 -45.2478 1949
-88.1401 -45.2478 2244.66
-88.1401 -45.2478 1820
-88.1401 -45.2478 2013.63
-88.1401 -45.2478 1782.92
-88.1401 -45.2478 2118.62
-88.1401 -45.2478 2115.22
-88.1401 -45.2478 1761.42
-88.0901 -45.2478 1585.69
-88.0901 -45.2478 1747.3
-88.0901 -45.2478 1861.99
-88.0901 -45.2478 1875.72
-88.0901 -45.2478 1647.5
-88.0901 -45.2478 1727.56
-88.0901 -45.2478 1746.94
-88.0901 -45.2478 1661.78
-88.0901 -45.2478 1765.6
-88.0901 -45.2478 1909.99
-88.0401 -45.2478 1590.6
-88.0401 -45.2478 1544.66
-88.0401 -45.2478 1881.78
-88.0401 -45.2478 1585.62
-88.0401 -45.2478 1701.16
-88.0401 -45.2478 1743.93
-88.0401 -45.2478 1411.29
-88.0401 -45.2478 1514.92
-88.0401 -45.2478 1256.64
-88.0401 -45.2478 1663.54
-87.9901 -45.2478 1694.71
-87.9901 -45.2478 1529.75
-87.9901 -45.2478 1441.98
-87.9901 -45.2478 1611.63
-87.9901 -45.2478 1526.37
-87.9901 -45.2478 1696.18
-87.9901 -45.2478 1666.22
-87.9901 -45.2478 1765.89
-87.9901 -45.2478 1621.96
-87.9901 -45.2478 1347.26
-87.9401 -45.2478 1374.84
-87.9401 -45.2478 1578.13
-87.9401 -45.2478 1354.11
-87.9401 -45.2478 1346.92
-87.9401 -45.2478 1466.83
-87.9401 -45.2478 1570.59
-87.9401 -45.2478 1405.4
-87.9401 -45.2478 1402.05
-87.9401 -45.2478 1515.14
-87.9401 -45.2478 1439.87
-87.8901 -45.2478 1419.66
-87.8901 -45.2478 1226.55
-87.8901 -45.2478 1501.25
-87.8901 -45.2478 1574.47
-87.8901 -45.2478 1349.23
-87.8901 -45.2478 1383.33
-87.8901 -45.2478 1473.74
-87.8901 -45.2478 1348.56
-87.8901 -45.2478 1528.16
-87.8901 -45.2478 1414.61
-87.8401 -45.2478 1466.8
-87.8401 -45.2478 1413.72
-87.8401 -45.2478 1687.34
-87.8401 -45.2478 1283.12
-87.8401 -45.2478 1582.62
-87.8401 -45.2478 1551.5
-87.8401 -45.2478 1446.83
-87.8401 -45.2478 1362.48
-87.8401 -45.2478 1410.35
-87.8401 -45.2478 1497.26
-87.7901 -45.2478 1488.24
-87.7901 -45.2478 1463.08
-87.7901 -45.2478 1425.57
-87.7901 -45.2478 1519.29
-87.7901 -45.2478 1595.74
-87.7901 -45.2478 1367.5
-87.7901 -45.2478 1586.73
-87.7901 -45.2478 1286.04
-87.7901 -45.2478 1430.8
-87.7901 -45.2478 1473.18
-87.7401 -45.2478 1517.9
-87.7401 -45.2478 1268.84
-87.7401 -45.2478 1591.62
-87.7401 -45.2478 1561.18
-87.7401 -45.2478 1552.69
-87.7401 -45.2478 1629.62
-87.7401 -45.2478 1487.15
-87.7401 -45.2478 1204.79
-87.7401 -45.2478 1290
-87.7401 -45.2478 1580.21
-87.6901 -45.2478 1237.12
-87.6901 -45.2478 1365.36
-87.6901 -45.2478 1400.87
-87.6901 -45.2478 1251.53
-87.6901 -45.2478 1636.99
-87.6901 -45.2478 1556.55
-87.6901 -45.2478 1242.82
-87.6901 -45.2478 1438.96
-87.6901 -45.2478 1457.05
-87.6901 -45.2478 1325.22
-87.6401 -45.2478 1327.69
-87.6401 -45.2478 1380.63
-87.6401 -45.2478 1568.85
-87.6401 -45.2478 1506.47
-87.6401 -45.2478 1351.71
-87.6401 -45.2478 1446.06
-87.6401 -45.2478 1538.08
-87.6401 -45.2478 1431.33
-87.6401 -45.2478 1332.11
-87.6401 -45.2478 1265.08
-87.5901 -45.2478 1215.7
-87.5901 -45.2478 1463.88
-87.5901 -45.2478 1397.64
-87.5901 -45.2478 1339.89
-87.5901 -45.2478 1560.59
-87.5901 -45.2478 1405.21
-87.5901 -45.2478 1385.87
-87.5901 -45.2478 1591.19
-87.5901 -45.2478 1271.45
-87.5901 -45.2478 1298.06
-87.5401 -45.2478 1506.25
-87.5401 -45.2478 1415.27
-87.5401 -45.2478 1388.98
-87.5401 -45.2478 1448.77
-87.5401 -45.2478 1582.67
-87.5401 -45.2478 1501.4
-87.5401 -45.2478 1467.11
-87.5401 -45.2478 1128.93
-87.5401 -45.2478 1415.4
-87.5401 -45.2478 1353.06
-87.4901 -45.2478 1370.65
-87.4901 -45.2478 1324.71
-87.4901 -45.2478 1326.22
-87.4901 -45.2478 1252.39
-87.4901 -45.2478 1538.84
-87.4901 -45.2478 1130
-87.4901 -45.2478 1433.61
-87.4901 -45.2478 1555.08
-87.4901 -45.2478 1581.45
-87.4901 -45.2478 1550.63
-87.4401 -45.2478 1404.88
-87.4401 -45.2478 1385.29
-87.4401 -45.2478 1315.15
-87.4401 -45.2478 1384.03
-87.4401 -45.2478 1342.38
-87.4401 -45.2478 1407.7
-87.4401 -45.2478 1410.9
-87.4401 -45.2478 1565.64
-87.4401 -45.2478 1352.98
-87.4401 -45.2478 1265.58
-87.3901 -45.2478 1224.25
-87.3901 -45.2478 1496.46
-87.3901 -45.2478 1349.65
-87.3901 -45.2478 1506.3
-87.3901 -45.2478 1239.8
-87.3901 -45.2478 1424.42
-87.3901 -45.2478 1415.16
-87.3901 -45.2478 1368.22
-87.3901 -45.2478 1285.07
-87.3901 -45.2478 1128.97
-87.3401 -45.2478 1398.38
-87.3401 -45.2478 1325.39
-87.3401 -45.2478 1478.28
-87.3401 -45.2478 1297.15
-87.3401 -45.2478 1564.23
-87.3401 -45.2478 1405.49
-87.3401 -45.2478 1649.42
-87.3401 -45.2478 1350.97
-87.3401 -45.2478 1296.55
-87.3401 -45.2478 1238.9
-87.2901 -45.2478 1397.96
-87.2901 -45.2478 1513.1
-87.2901 -45.2478 1142.66
-87.2901 -45.2478 1418.68
-87.2901 -45.2478 1216.26
-87.2901 -45.2478 1402.08
-87.2901 -45.2478 1441.18
-87.2901 -45.2478 1505.6
-87.2901 -45.2478 1478.62
-87.2901 -45.2478 1267.36
-87.2401 -45.2478 1326.83
-87.2401 -45.2478 1399.29
-87.2401 -45.2478 1624.35
-87.2401 -45.2478 1477.45
-87.2401 -45.2478 1483.39
-87.2401 -45.2478 1374.04
-87.2401 -45.2478 1236.34
-87.2401 -45.2478 1378.09
-87.2401 -45.2478 1447.42
-87.2401 -45.2478 1574.63
-87.1901 -45.2478 1485.38
-87.1901 -45.2478 1364.54
-87.1901 -45.2478 1489.22
-87.1901 -45.2478 1340.57
-87.1901 -45.2478 1440.28
-87.1901 -45.2478 1535.72
-87.1901 -45.2478 1293.34
-87.1901 -45.2478 1365.99
-87.1901 -45.2478 1438.75
-87.1901 -45.2478 1298.73
-87.1401 -45.2478 1540.64
-87.1401 -45.2478 1330.08
-87.1401 -45.2478 1197.16
-87.1401 -45.2478 1417.29
-87.1401 -45.2478 1317
-87.1401 -45.2478 1350.77
-87.1401 -45.2478 1349.64
-87.1401 -45.2478 1293.51
-87.1401 -45.2478 1328.41
-87.1401 -45.2478 1343.29
-87.0901 -45.2478 1179.77
-87.0901 -45.2478 1416.49
-87.0901 -45.2478 1222.72
-87.0901 -45.2478 1310.98
-87.0901 -45.2478 1585.39
-87.0901 -45.2478 1353.49
-87.0901 -45.2478 1442.8
-87.0901 -45.2478 1563.36
-87.0901 -45.2478 1127.07
-87.0901 -45.2478 1103.26
-87.0401 -45.2478 1244.69
-87.0401 -45.2478 1340.79
-87.0401 -45.2478 1508.59
-87.0401 -45.2478 1491.03
-87.0401 -45.2478 1471.94
-87.0401 -45.2478 1211.91
-87.0401 -45.2478 1425.25
-87.0401 -45.2478 1498.87
-87.0401 -45.2478 1284.42
-87.0401 -45.2478 1218.93
-86.9901 -45.2478 1550.84
-86.9901 -45.2478 1367.07
-86.9901 -45.2478 1481.57
-86.9901 -45.2478 1523.47
-86.9901 -45.2478 1343.46
-86.9901 -45.2478 1346.05
-86.9901 -45.2478 1334.32
-86.9901 -45.2478 1205.29
-86.9901 -45.2478 1495.66
-86.9901 -45.2478 1425.66
-86.9401 -45.2478 1424.82
-86.9401 -45.2478 1255.97
-86.9401 -45.2478 979.623
-86.9401 -45.2478 1672.78
-86.9401 -45.2478 1422.65
-86.9401 -45.2478 1448.76
-86.9401 -45.2478 1542.71
-86.9401 -45.2478 1456.98
-86.9401 -45.2478 1449.2
-86.9401 -45.2478 1603.04
