-92.9401 -45.9978 1344.2
-92.9401 -45.9978 1552
-92.9401 -45.9978 1319.69
-92.9401 -45.9978 1525.51
-92.9401 -45.9978 1333.72
-92.9401 -45.9978 1246.58
-92.9401 -45.9978 1584.74
-92.9401 -45.9978 1382.96
-92.9401 -45.9978 1428.72
-92.9401 -45.9978 1520.05
-92.8901 -45.9978 1307.06
-92.8901 -45.9978 1322.78
-92.8901 -45.9978 1122.66
-92.8901 -45.9978 1296.04
-92.8901 -45.9978 1231.81
-92.8901 -45.9978 1239.59
-92.8901 -45.9978 1130.06
-92.8901 -45.9978 1503.6
-92.8901 -45.9978 1380.54
-92.8901 -45.9978 1446.88
-92.8401 -45.9978 1242.67
-92.8401 -45.9978 1312.2
-92.8401 -45.9978 1321.59
-92.8401 -45.9978 1268.85
-92.8401 -45.9978 1171.14
-92.8401 -45.9978 1255.85
-92.8401 -45.9978 1616.89
-92.8401 -45.9978 1325.56
-92.8401 -45.9978 1268.3
-92.8401 -45.9978 1474.25
-92.7901 -45.9978 1486.31
-92.7901 -45.9978 1427.77
-92.7901 -45.9978 1392.27
-92.7901 -45.9978 1417.51
-92.7901 -45.9978 1173.98
-92.7901 -45.9978 1393.59
-92.7901 -45.9978 1196.07
-92.7901 -45.9978 1146.2
-92.7901 -45.9978 1389.61
-92.7901 -45.9978 1455.76
-92.7401 -45.9978 1525.99
-92.7401 -45.9978 1512.65
-92.7401 -45.9978 1280.72
-92.7401 -45.9978 1398.57
-92.7401 -45.9978 1428.27
-92.7401 -45.9978 1324.29
-92.7401 -45.9978 1400.22
-92.7401 -45.9978 1435.24
-92.7401 -45.9978 1424.2
-92.7401 -45.9978 1352.35
-92.6901 -45.9978 1323
-92.6901 -45.9978 1706.62
-92.6901 -45.9978 1390.36
-92.6901 -45.9978 1520.2
-92.6901 -45.9978 1402.31
-92.6901 -45.9978 1574.88
-92.6901 -45.9978 1359.83
-92.6901 -45.9978 1321.3
-92.6901 -45.9978 1468.7
-92.6901 -45.9978 1249.17
-92.6401 -45.9978 1571.69
-92.6401 -45.9978 1474.16
-92.6401 -45.9978 1219
-92.6401 -45.9978 1295.15
-92.6401 -45.9978 1346.42
-92.6401 -45.9978 1454.71
-92.6401 -45.9978 1405.49
-92.6401 -45.9978 1233.25
-92.6401 -45.9978 1271.91
-92.6401 -45.9978 1362.1
-92.5901 -45.9978 1450.69
-92.5901 -45.9978 1160.97
-92.5901 -45.9978 1460.72
-92.5901 -45.9978 1204.6
-92.5901 -45.9978 1515.84
-92.5901 -45.9978 1569.39
-92.5901 -45.9978 1418.71
-92.5901 -45.9978 1500.54
-92.5901 -45.9978 1356.21
-92.5901 -45.9978 1374.03
-92.5401 -45.9978 1481.64
-92.5401 -45.9978 1273.88
-92.5401 -45.9978 1277.9
-92.5401 -45.9978 1700.08
-92.5401 -45.9978 1487.87
-92.5401 -45.9978 1365.08
-92.5401 -45.9978 1379.4
-92.5401 -45.9978 1236.81
-92.5401 -45.9978 1433.4
-92.5401 -45.9978 1404.72
-92.4901 -45.9978 1432.61
-92.4901 -45.9978 1435.56
-92.4901 -45.9978 1488.42
-92.4901 -45.9978 1207.26
-92.4901 -45.9978 1309.16
-92.4901 -45.9978 1464.35
-92.4901 -45.9978 1459.26
-92.4901 -45.9978 1247.51
-92.4901 -45.9978 1460.44
-92.4901 -45.9978 1338.51
-92.4401 -45.9978 1288.55
-92.4401 -45.9978 1366.98
-92.4401 -45.9978 1358.47
-92.4401 -45.9978 1528.95
-92.4401 -45.9978 1291.99
-92.4401 -45.9978 1217.63
-92.4401 -45.9978 1209.83
-92.4401 -45.9978 1276.68
-92.4401 -45.9978 1271.9
-92.4401 -45.9978 1157.45
-92.3901 -45.9978 1449.92
-92.3901 -45.9978 1388.66
-92.3901 -45.9978 1348.9
-92.3901 -45.9978 1506.65
-92.3901 -45.9978 1374.17
-92.3901 -45.9978 1373.3
-92.3901 -45.9978 1314.49
-92.3901 -45.9978 1350.97
-92.3901 -45.9978 1554.87
-92.3901 -45.9978 1261.04
-92.3401 -45.9978 1328.96
-92.3401 -45.9978 1365.54
-92.3401 -45.9978 1160.38
-92.3401 -45.9978 1296.71
-92.3401 -45.9978 1484.56
-92.3401 -45.9978 1395.69
-92.3401 -45.9978 1485.31
-92.3401 -45.9978 1396.17
-92.3401 -45.9978 1514.04
-92.3401 -45.9978 1398.51
-92.2901 -45.9978 1462.24
-92.2901 -45.9978 1180.29
-92.2901 -45.9978 1337.74
-92.2901 -45.9978 1277.64
-92.2901 -45.9978 1293.22
-92.2901 -45.9978 1482.23
-92.2901 -45.9978 1460.71
-92.2901 -45.9978 1380.96
-92.2901 -45.9978 1373.7
-92.2901 -45.9978 1515.39
-92.2401 -45.9978 1172.72
-92.2401 -45.9978 1383.1
-92.2401 -45.9978 1394.53
-92.2401 -45.9978 1163.69
-92.2401 -45.9978 1409.04
-92.2401 -45.9978 1166.13
-92.2401 -45.9978 1335.47
-92.2401 -45.9978 1539.77
-92.2401 -45.9978 1551.31
-92.2401 -45.9978 1519.52
-92.1901 -45.9978 1318.13
-92.1901 -45.9978 1641.23
-92.1901 -45.9978 1225.04
-92.1901 -45.9978 1301.5
-92.1901 -45.9978 1252.25
-92.1901 -45.9978 1221.67
-92.1901 -45.9978 1429.65
-92.1901 -45.9978 1393.28
-92.1901 -45.9978 1521.43
-92.1901 -45.9978 1281.5
-92.1401 -45.9978 1425.28
-92.1401 -45.9978 1472.24
-92.1401 -45.9978 1551.86
-92.1401 -45.9978 1598.03
-92.1401 -45.9978 1610.19
-92.1401 -45.9978 1298.47
-92.1401 -45.9978 1451.61
-92.1401 -45.9978 1315.88
-92.1401 -45.9978 1364.3
-92.1401 -45.9978 1343.4
-92.0901 -45.9978 1216.26
-92.0901 -45.9978 1539.54
-92.0901 -45.9978 1475.83
-92.0901 -45.9978 1431.83
-92.0901 -45.9978 1359.44
-92.0901 -45.9978 1491.78
-92.0901 -45.9978 1486.2
-92.0901 -45.9978 1337.25
-92.0901 -45.9978 1636.69
-92.0901 -45.9978 1388.04
-92.0401 -45.9978 1461.98
-92.0401 -45.9978 1615.53
-92.0401 -45.9978 1541.16
-92.0401 -45.9978 1533.25
-92.0401 -45.9978 1495.78
-92.0401 -45.9978 1744.35
-92.0401 -45.9978 1583.18
-92.0401 -45.9978 1462.68
-92.0401 -45.9978 1401.89
-92.0401 -45.9978 1395.81
-91.9901 -45.9978 1619.32
-91.9901 -45.9978 1640.07
-91.9901 -45.9978 1458.97
-91.9901 -45.9978 1565.06
-91.9901 -45.9978 1477.38
-91.9901 -45.9978 1510.3
-91.9901 -45.9978 1623.52
-91.9901 -45.9978 1641.74
-91.9901 -45.9978 1755.26
-91.9901 -45.9978 1544.87
-91.9401 -45.9978 1787.03
-91.9401 -45.9978 1694.95
-91.9401 -45.9978 1819.91
-91.9401 -45.9978 1630.03
-91.9401 -45.9978 1590.24
-91.9401 -45.9978 1418.31
-91.9401 -45.9978 1627.57
-91.9401 -45.9978 1930.28
-91.9401 -45.9978 1705.17
-91.9401 -45.9978 1473.37
-91.8901 -45.9978 1633.09
-91.8901 -45.9978 1819.01
-91.8901 -45.9978 1769.26
-91.8901 -45.9978 1676.32
-91.8901 -45.9978 1766.2
-91.8901 -45.9978 1683.33
-91.8901 -45.9978 1728.2
-91.8901 -45.9978 1873.98
-91.8901 -45.9978 1916.21
-91.8901 -45.9978 1844.36
-91.8401 -45.9978 2095.92
-91.8401 -45.9978 2065.35
-91.8401 -45.9978 2038.23
-91.8401 -45.9978 1983.78
-91.8401 -45.9978 1923.76
-91.8401 -45.9978 2085.75
-91.8401 -45.9978 2234.44
-91.8401 -45.9978 2420.05
-91.8401 -45.9978 2131.39
-91.8401 -45.9978 2183.11
-91.7901 -45.9978 2521.62
-91.7901 -45.9978 2575.12
-91.7901 -45.9978 2623.07
-91.7901 -45.9978 2932.66
-91.7901 -45.9978 2664.13
-91.7901 -45.9978 2565.53
-91.7901 -45.9978 2389.73
-91.7901 -45.9978 2916.66
-91.7901 -45.9978 2823.93
-91.7901 -45.9978 2860.54
-91.7401 -45.9978 3189.28
-91.7401 -45.9978 3548.53
-91.7401 -45.9978 2952.66
-91.7401 -45.9978 3158.09
-91.7401 -45.9978 3614.27
-91.7401 -45.9978 3293.04
-91.7401 -45.9978 3477.73
-91.7401 -45.9978 3347.53
-91.7401 -45.9978 3337.17
-91.7401 -45.9978 2929.56
-91.6901 -45.9978 3975.76
-91.6901 -45.9978 3900.57
-91.6901 -45.9978 4330.19
-91.6901 -45.9978 4301.05
-91.6901 -45.9978 4103.35
-91.6901 -45.9978 3950.15
-91.6901 -45.9978 3998.5
-91.6901 -45.9978 4297.68
-91.6901 -45.9978 4346.12
-91.6901 -45.9978 4272.21
-91.6401 -45.9978 5452.33
-91.6401 -45.9978 5193.58
-91.6401 -45.9978 5135.3
-91.6401 -45.9978 5223.22
-91.6401 -45.9978 5130.07
-91.6401 -45.9978 5468.37
-91.6401 -45.9978 4910.14
-91.6401 -45.9978 5063.7
-91.6401 -45.9978 5214.92
-91.6401 -45.9978 5072.72
-91.5901 -45.9978 6986.66
-91.5901 -45.9978 7280.27
-91.5901 -45.9978 7163.41
-91.5901 -45.9978 6882.07
-91.5901 -45.9978 6646.63
-91.5901 -45.9978 6909.36
-91.5901 -45.9978 6913.98
-91.5901 -45.9978 7128.9
-91.5901 -45.9978 7253.33
-91.5901 -45.9978 6486.24
-91.5401 -45.9978 9388.69
-91.5401 -45.9978 10316.4
-91.5401 -45.9978 9634.75
-91.5401 -45.9978 9512.25
-91.5401 -45.9978 9628.45
-91.5401 -45.9978 9509.19
-91.5401 -45.9978 9786.84
-91.5401 -45.9978 9802.62
-91.5401 -45.9978 9585
-91.5401 -45.9978 9584.23
-91.4901 -45.9978 12036.4
-91.4901 -45.9978 12792.6
-91.4901 -45.9978 12169.5
-91.4901 -45.9978 12119.7
-91.4901 -45.9978 12624.6
-91.4901 -45.9978 12494
-91.4901 -45.9978 12680.5
-91.4901 -45.9978 12201.8
-91.4901 -45.9978 12832
-91.4901 -45.9978 11909.4
-91.4401 -45.9978 14707.6
-91.4401 -45.9978 15582.9
-91.4401 -45.9978 15379.9
-91.4401 -45.9978 14973.2
-91.4401 -45.9978 15257.7
-91.4401 -45.9978 14114.2
-91.4401 -45.9978 15206.1
-91.4401 -45.9978 14681
-91.4401 -45.9978 15823.6
-91.4401 -45.9978 14967.1
-91.3901 -45.9978 18630.4
-91.3901 -45.9978 17701
-91.3901 -45.9978 18067.6
-91.3901 -45.9978 17960.1
-91.3901 -45.9978 17517
-91.3901 -45.9978 17720.6
-91.3901 -45.9978 18171.5
-91.3901 -45.9978 17921
-91.3901 -45.9978 17720.8
-91.3901 -45.9978 18279.2
-91.3401 -45.9978 19705
-91.3401 -45.9978 21071
-91.3401 -45.9978 20043.7
-91.3401 -45.9978 20552.1
-91.3401 -45.9978 20482.8
-91.3401 -45.9978 21294.8
-91.3401 -45.9978 20780.8
-91.3401 -45.9978 21545.2
-91.3401 -45.9978 20564.8
-91.3401 -45.9978 21409.4
-91.2901 -45.9978 22628.9
-91.2901 -45.9978 23126.9
-91.2901 -45.9978 22951.9
-91.2901 -45.9978 22765
-91.2901 -45.9978 23553.1
-91.2901 -45.9978 22230.4
-91.2901 -45.9978 23068.1
-91.2901 -45.9978 23260.4
-91.2901 -45.9978 24050.6
-91.2901 -45.9978 22585.1
-91.2401 -45.9978 24935.9
-91.2401 -45.9978 24567.1
-91.2401 -45.9978 24686.4
-91.2401 -45.9978 24695.9
-91.2401 -45.9978 23413.5
-91.2401 -45.9978 23721.6
-91.2401 -45.9978 24971.3
-91.2401 -45.9978 24178.1
-91.2401 -45.9978 23648.5
-91.2401 -45.9978 23957
-91.1901 -45.9978 25077.8
-91.1901 -45.9978 25698.2
-91.1901 -45.9978 25599.2
-91.1901 -45.9978 26065
-91.1901 -45.9978 26048.1
-91.1901 -45.9978 25357.7
-91.1901 -45.9978 25460.8
-91.1901 -45.9978 24867.5
-91.1901 -45.9978 25416
-91.1901 -45.9978 25488.9
-91.1401 -45.9978 26018.3
-91.1401 -45.9978 26493.6
-91.1401 -45.9978 27214.1
-91.1401 -45.9978 26532.6
-91.1401 -45.9978 26194.6
-91.1401 -45.9978 25698.9
-91.1401 -45.9978 26053.5
-91.1401 -45.9978 26012.8
-91.1401 -45.9978 25976.3
-91.1401 -45.9978 26549.2
-91.0901 -45.9978 27165.1
-91.0901 -45.9978 27337.4
-91.0901 -45.9978 27083.5
-91.0901 -45.9978 25672.8
-91.0901 -45.9978 26294.9
-91.0901 -45.9978 25826.6
-91.0901 -45.9978 26647.2
-91.0901 -45.9978 25821.9
-91.0901 -45.9978 26959.5
-91.0901 -45.9978 26475
-91.0401 -45.9978 27424.2
-91.0401 -45.9978 26776.7
-91.0401 -45.9978 27083.8
-91.0401 -45.9978 27750.5
-91.0401 -45.9978 26965.3
-91.0401 -45.9978 26651.8
-91.0401 -45.9978 27391.2
-91.0401 -45.9978 27032.4
-91.0401 -45.9978 26513.1
-91.0401 -45.9978 27667.2
-90.9901 -45.9978 26372.4
-90.9901 -45.9978 27906.5
-90.9901 -45.9978 26562.4
-90.9901 -45.9978 26624.2
-90.9901 -45.9978 26109.6
-90.9901 -45.9978 27332.5
-90.9901 -45.9978 26415.8
-90.9901 -45.9978 27015.3
-90.9901 -45.9978 27495.9
-90.9901 -45.9978 27410.2
-90.9401 -45.9978 26732
-90.9401 -45.9978 27381.5
-90.9401 -45.9978 26887.5
-90.9401 -45.9978 28021.1
-90.9401 -45.9978 27179.6
-90.9401 -45.9978 27126.1
-90.9401 -45.9978 27551.6
-90.9401 -45.9978 27863.5
-90.9401 -45.9978 27298.1
-90.9401 -45.9978 27935.2
-90.8901 -45.9978 27971.6
-90.8901 -45.9978 26615.3
-90.8901 -45.9978 27405.3
-90.8901 -45.9978 27131.5
-90.8901 -45.9978 27289
-90.8901 -45.9978 27623.1
-90.8901 -45.9978 27897.3
-90.8901 -45.9978 26484.7
-90.8901 -45.9978 27565.5
-90.8901 -45.9978 27741.5
-90.8401 -45.9978 28036.6
-90.8401 -45.9978 27463.5
-90.8401 -45.9978 27347.2
-90.8401 -45.9978 27167.3
-90.8401 -45.9978 27715.3
-90.8401 -45.9978 27370.4
-90.8401 -45.9978 27620.3
-90.8401 -45.9978 27011.3
-90.8401 -45.9978 27564.9
-90.8401 -45.9978 26199.4
-90.7901 -45.9978 26824.6
-90.7901 -45.9978 27641.4
-90.7901 -45.9978 27136.9
-90.7901 -45.9978 27680.7
-90.7901 -45.9978 27579.4
-90.7901 -45.9978 28183.3
-90.7901 -45.9978 27911.3
-90.7901 -45.9978 26910.2
-90.7901 -45.9978 27576.2
-90.7901 -45.9978 26886.4
-90.7401 -45.9978 26695.2
-90.7401 -45.9978 27499.1
-90.7401 -45.9978 27031.3
-90.7401 -45.9978 27409.9
-90.7401 -45.9978 27436.3
-90.7401 -45.9978 27082
-90.7401 -45.9978 26107.4
-90.7401 -45.9978 26901.8
-90.7401 -45.9978 27832.6
-90.7401 -45.9978 27586.9
-90.6901 -45.9978 27080.7
-90.6901 -45.9978 27364.8
-90.6901 -45.9978 27296.6
-90.6901 -45.9978 26556.1
-90.6901 -45.9978 27299.9
-90.6901 -45.9978 26976.8
-90.6901 -45.9978 26870.8
-90.6901 -45.9978 27244.1
-90.6901 -45.9978 27452.1
-90.6901 -45.9978 26632.5
-90.6401 -45.9978 26437.7
-90.6401 -45.9978 27328.6
-90.6401 -45.9978 26652.3
-90.6401 -45.9978 27587.6
-90.6401 -45.9978 27342.9
-90.6401 -45.9978 27608.6
-90.6401 -45.9978 28265.7
-90.6401 -45.9978 27375.2
-90.6401 -45.9978 26919.9
-90.6401 -45.9978 27733.6
-90.5901 -45.9978 26881.9
-90.5901 -45.9978 28701.9
-90.5901 -45.9978 27685.1
-90.5901 -45.9978 27294.7
-90.5901 -45.9978 27064.8
-90.5901 -45.9978 27159.1
-90.5901 -45.9978 27370.2
-90.5901 -45.9978 27678.5
-90.5901 -45.9978 27458.2
-90.5901 -45.9978 28112.3
-90.5401 -45.9978 27236.5
-90.5401 -45.9978 27098.6
-90.5401 -45.9978 28129.4
-90.5401 -45.9978 26937.6
-90.5401 -45.9978 27334.9
-90.5401 -45.9978 28121.7
-90.5401 -45.9978 26264.3
-90.5401 -45.9978 26214.8
-90.5401 -45.9978 28199.1
-90.5401 -45.9978 27917
-90.4901 -45.9978 27240.8
-90.4901 -45.9978 27632.4
-90.4901 -45.9978 27990.1
-90.4901 -45.9978 27755.7
-90.4901 -45.9978 27213.7
-90.4901 -45.9978 27390.1
-90.4901 -45.9978 27428.7
-90.4901 -45.9978 27560.2
-90.4901 -45.9978 27522.9
-90.4901 -45.9978 27130
-90.4401 -45.9978 26774
-90.4401 -45.9978 26838.2
-90.4401 -45.9978 26954.6
-90.4401 -45.9978 25922.8
-90.4401 -45.9978 26889
-90.4401 -45.9978 28269
-90.4401 -45.9978 26625.4
-90.4401 -45.9978 28328.8
-90.4401 -45.9978 27673.8
-90.4401 -45.9978 27228.6
-90.3901 -45.9978 27277.8
-90.3901 -45.9978 27188.7
-90.3901 -45.9978 27748.1
-90.3901 -45.9978 27806.1
-90.3901 -45.9978 26488.8
-90.3901 -45.9978 28068.6
-90.3901 -45.9978 27248.6
-90.3901 -45.9978 27969.9
-90.3901 -45.9978 28257.7
-90.3901 -45.9978 27535
-90.3401 -45.9978 27396.8
-90.3401 -45.9978 27771.3
-90.3401 -45.9978 27266
-90.3401 -45.9978 26923.7
-90.3401 -45.9978 27662.1
-90.3401 -45.9978 26866.8
-90.3401 -45.9978 27529.7
-90.3401 -45.9978 27568.4
-90.3401 -45.9978 27590.2
-90.3401 -45.9978 26771.1
-90.2901 -45.9978 27651.3
-90.2901 -45.9978 27115.7
-90.2901 -45.9978 27085.7
-90.2901 -45.9978 27428.5
-90.2901 -45.9978 28310.4
-90.2901 -45.9978 27372.3
-90.2901 -45.9978 27694.6
-90.2901 -45.9978 28563.8
-90.2901 -45.9978 27003.3
-90.2901 -45.9978 26378.7
-90.2401 -45.9978 27419.9
-90.2401 -45.9978 27323
-90.2401 -45.9978 26829.7
-90.2401 -45.9978 27379.5
-90.2401 -45.9978 26738.6
-90.2401 -45.9978 27472.4
-90.2401 -45.9978 27973.2
-90.2401 -45.9978 27957.4
-90.2401 -45.9978 26607.2
-90.2401 -45.9978 27709.9
-90.1901 -45.9978 28105.6
-90.1901 -45.9978 26238.4
-90.1901 -45.9978 28150.6
-90.1901 -45.9978 26481.3
-90.1901 -45.9978 27138.3
-90.1901 -45.9978 26996
-90.1901 -45.9978 26418.5
-90.1901 -45.9978 28595.9
-90.1901 -45.9978 27223.2
-90.1901 -45.9978 27351.3
-90.1401 -45.9978 26981.9
-90.1401 -45.9978 27887.3
-90.1401 -45.9978 26953.9
-90.1401 -45.9978 27742.1
-90.1401 -45.9978 27232.6
-90.1401 -45.9978 28676
-90.1401 -45.9978 27039.2
-90.1401 -45.9978 27382.4
-90.1401 -45.9978 27072.3
-90.1401 -45.9978 27549
-90.0901 -45.9978 27238
-90.0901 -45.9978 28594.4
-90.0901 -45.9978 26944.5
-90.0901 -45.9978 27183.8
-90.0901 -45.9978 26352.3
-90.0901 -45.9978 27448.5
-90.0901 -45.9978 27353.6
-90.0901 -45.9978 26676.5
-90.0901 -45.9978 27798.7
-90.0901 -45.9978 27303.1
-90.0401 -45.9978 27797.9
-90.0401 -45.9978 26856.7
-90.0401 -45.9978 26875.9
-90.0401 -45.9978 27197.2
-90.0401 -45.9978 27427.8
-90.0401 -45.9978 27127.9
-90.0401 -45.9978 27293.6
-90.0401 -45.9978 27062.5
-90.0401 -45.9978 27774.6
-90.0401 -45.9978 27056.2
-89.9901 -45.9978 27554.2
-89.9901 -45.9978 28351.4
-89.9901 -45.9978 27747.4
-89.9901 -45.9978 27061.2
-89.9901 -45.9978 26820.9
-89.9901 -45.9978 27807.1
-89.9901 -45.9978 27343.1
-89.9901 -45.9978 26759.5
-89.9901 -45.9978 26855.9
-89.9901 -45.9978 26965.8
-89.9401 -45.9978 27677.6
-89.9401 -45.9978 26994.1
-89.9401 -45.9978 27942.2
-89.9401 -45.9978 27335.5
-89.9401 -45.9978 26974.1
-89.9401 -45.9978 27960.6
-89.9401 -45.9978 26791.8
-89.9401 -45.9978 26912.3
-89.9401 -45.9978 27991.4
-89.9401 -45.9978 26857.3
-89.8901 -45.9978 27363.5
-89.8901 -45.9978 28098.7
-89.8901 -45.9978 26642.6
-89.8901 -45.9978 27120.3
-89.8901 -45.9978 26852
-89.8901 -45.9978 27573.3
-89.8901 -45.9978 27465.6
-89.8901 -45.9978 27217.7
-89.8901 -45.9978 27173.3
-89.8901 -45.9978 26303.4
-89.8401 -45.9978 27250.3
-89.8401 -45.9978 26661.9
-89.8401 -45.9978 26699.5
-89.8401 -45.9978 27237.4
-89.8401 -45.9978 27793.3
-89.8401 -45.9978 26555.4
-89.8401 -45.9978 27585.8
-89.8401 -45.9978 27069.5
-89.8401 -45.9978 27893.8
-89.8401 -45.9978 26732
-89.7901 -45.9978 26784.6
-89.7901 -45.9978 27558.5
-89.7901 -45.9978 27667
-89.7901 -45.9978 27652.9
-89.7901 -45.9978 27463.8
-89.7901 -45.9978 27297.2
-89.7901 -45.9978 27316.1
-89.7901 -45.9978 27655
-89.7901 -45.9978 27213.8
-89.7901 -45.9978 27319.7
-89.7401 -45.9978 26841.6
-89.7401 -45.9978 27720.7
-89.7401 -45.9978 27262.6
-89.7401 -45.9978 26611.6
-89.7401 -45.9978 27308.1
-89.7401 -45.9978 27696.5
-89.7401 -45.9978 27742.2
-89.7401 -45.9978 27470.5
-89.7401 -45.9978 26509.2
-89.7401 -45.9978 28721.5
-89.6901 -45.9978 26478.8
-89.6901 -45.9978 26276.4
-89.6901 -45.9978 27861.4
-89.6901 -45.9978 27716.5
-89.6901 -45.9978 27574.1
-89.6901 -45.9978 26895.6
-89.6901 -45.9978 27876.8
-89.6901 -45.9978 27711.7
-89.6901 -45.9978 26558
-89.6901 -45.9978 27721.5
-89.6401 -45.9978 28042
-89.6401 -45.9978 27564.7
-89.6401 -45.9978 27729.8
-89.6401 -45.9978 27273.1
-89.6401 -45.9978 27303
-89.6401 -45.9978 27357.9
-89.6401 -45.9978 27471.8
-89.6401 -45.9978 27026.8
-89.6401 -45.9978 27647.2
-89.6401 -45.9978 27468.3
-89.5901 -45.9978 27530.2
-89.5901 -45.9978 26610.5
-89.5901 -45.9978 27500.8
-89.5901 -45.9978 27742.1
-89.5901 -45.9978 28294.6
-89.5901 -45.9978 28171.4
-89.5901 -45.9978 27522.9
-89.5901 -45.9978 28013.4
-89.5901 -45.9978 27694.4
-89.5901 -45.9978 27134.6
-89.5401 -45.9978 27764.6
-89.5401 -45.9978 26234.5
-89.5401 -45.9978 27608.7
-89.5401 -45.9978 28179.4
-89.5401 -45.9978 28488.6
-89.5401 -45.9978 27500
-89.5401 -45.9978 27977
-89.5401 -45.9978 27467.9
-89.5401 -45.9978 27172.1
-89.5401 -45.9978 27438.6
-89.4901 -45.9978 26979.9
-89.4901 -45.9978 27393.4
-89.4901 -45.9978 27112.3
-89.4901 -45.9978 27616.4
-89.4901 -45.9978 27377.2
-89.4901 -45.9978 27650.2
-89.4901 -45.9978 27496.7
-89.4901 -45.9978 26953
-89.4901 -45.9978 26814.7
-89.4901 -45.9978 27546.4
-89.4401 -45.9978 27575.9
-89.4401 -45.9978 27254.8
-89.4401 -45.9978 27732.5
-89.4401 -45.9978 27679.4
-89.4401 -45.9978 27529.2
-89.4401 -45.9978 26940.3
-89.4401 -45.9978 26523.9
-89.4401 -45.9978 27669.8
-89.4401 -45.9978 26435.7
-89.4401 -45.9978 27755.1
-89.3901 -45.9978 27238.2
-89.3901 -45.9978 27472.2
-89.3901 -45.9978 26800.2
-89.3901 -45.9978 28373.5
-89.3901 -45.9978 27182.8
-89.3901 -45.9978 27713.6
-89.3901 -45.9978 28313.1
-89.3901 -45.9978 27689.2
-89.3901 -45.9978 27634.8
-89.3901 -45.9978 27521.4
-89.3401 -45.9978 26902.6
-89.3401 -45.9978 27991.7
-89.3401 -45.9978 27291.1
-89.3401 -45.9978 27622.9
-89.3401 -45.9978 27540.5
-89.3401 -45.9978 27167
-89.3401 -45.9978 27729.8
-89.3401 -45.9978 27200.1
-89.3401 -45.9978 27654.7
-89.3401 -45.9978 27592.3
-89.2901 -45.9978 27298.7
-89.2901 -45.9978 28367.1
-89.2901 -45.9978 27397.5
-89.2901 -45.9978 27420.3
-89.2901 -45.9978 27467.4
-89.2901 -45.9978 28001.1
-89.2901 -45.9978 27499.4
-89.2901 -45.9978 27145
-89.2901 -45.9978 27833.7
-89.2901 -45.9978 27545.1
-89.2401 -45.9978 26308.4
-89.2401 -45.9978 26919.2
-89.2401 -45.9978 28042.5
-89.2401 -45.9978 27740.2
-89.2401 -45.9978 26851.9
-89.2401 -45.9978 27905.5
-89.2401 -45.9978 27902.3
-89.2401 -45.9978 28005.9
-89.2401 -45.9978 27089.7
-89.2401 -45.9978 27861
-89.1901 -45.9978 27472.8
-89.1901 -45.9978 28363.8
-89.1901 -45.9978 28234.6
-89.1901 -45.9978 26918.9
-89.1901 -45.9978 27303.3
-89.1901 -45.9978 27142.1
-89.1901 -45.9978 27146.5
-89.1901 -45.9978 27249.2
-89.1901 -45.9978 28100.3
-89.1901 -45.9978 27658.8
-89.1401 -45.9978 26940.1
-89.1401 -45.9978 26448.1
-89.1401 -45.9978 26631.3
-89.1401 -45.9978 26804
-89.1401 -45.9978 27265.3
-89.1401 -45.9978 27334.9
-89.1401 -45.9978 28063.2
-89.1401 -45.9978 27383.9
-89.1401 -45.9978 26766
-89.1401 -45.9978 27446.8
-89.0901 -45.9978 26476.2
-89.0901 -45.9978 27245.9
-89.0901 -45.9978 28168.9
-89.0901 -45.9978 26062
-89.0901 -45.9978 27827.8
-89.0901 -45.9978 27160.7
-89.0901 -45.9978 28162.6
-89.0901 -45.9978 27531.2
-89.0901 -45.9978 27494.3
-89.0901 -45.9978 27502.1
-89.0401 -45.9978 27028
-89.0401 -45.9978 27075.3
-89.0401 -45.9978 27652.7
-89.0401 -45.9978 27514.2
-89.0401 -45.9978 26670
-89.0401 -45.9978 27161
-89.0401 -45.9978 27386.9
-89.0401 -45.9978 27134.8
-89.0401 -45.9978 27404.9
-89.0401 -45.9978 27383.3
-88.9901 -45.9978 27681.1
-88.9901 -45.9978 25545.3
-88.9901 -45.9978 27054.2
-88.9901 -45.9978 27225.3
-88.9901 -45.9978 27070
-88.9901 -45.9978 27528.2
-88.9901 -45.9978 27561.1
-88.9901 -45.9978 27824.5
-88.9901 -45.9978 27102.8
-88.9901 -45.9978 27364.2
-88.9401 -45.9978 27518.5
-88.9401 -45.9978 26793.5
-88.9401 -45.9978 26637.9
-88.9401 -45.9978 26842.7
-88.9401 -45.9978 26749
-88.9401 -45.9978 27258.7
-88.9401 -45.9978 28062.7
-88.9401 -45.9978 26532.9
-88.9401 -45.9978 27013.3
-88.9401 -45.9978 27258.8
-88.8901 -45.9978 26525.4
-88.8901 -45.9978 26582.8
-88.8901 -45.9978 25950.7
-88.8901 -45.9978 27504.8
-88.8901 -45.9978 26523.3
-88.8901 -45.9978 27305.6
-88.8901 -45.9978 27769.4
-88.8901 -45.9978 27213.7
-88.8901 -45.9978 26778.2
-88.8901 -45.9978 27452.4
-88.8401 -45.9978 26404.4
-88.8401 -45.9978 26948.7
-88.8401 -45.9978 27077.2
-88.8401 -45.9978 26877.8
-88.8401 -45.9978 26005.3
-88.8401 -45.9978 26406.7
-88.8401 -45.9978 26324
-88.8401 -45.9978 27124.9
-88.8401 -45.9978 28880.3
-88.8401 -45.9978 27613.5
-88.7901 -45.9978 25836.4
-88.7901 -45.9978 25725.8
-88.7901 -45.9978 26287.3
-88.7901 -45.9978 26695.4
-88.7901 -45.9978 25919.8
-88.7901 -45.9978 26412.5
-88.7901 -45.9978 25701.7
-88.7901 -45.9978 26156.6
-88.7901 -45.9978 26471.3
-88.7901 -45.9978 26784.3
-88.7401 -45.9978 24915.9
-88.7401 -45.9978 26111.1
-88.7401 -45.9978 25401.9
-88.7401 -45.9978 25794.9
-88.7401 -45.9978 25727
-88.7401 -45.9978 24513.6
-88.7401 -45.9978 26604.8
-88.7401 -45.9978 25041.4
-88.7401 -45.9978 25450.7
-88.7401 -45.9978 25835.4
-88.6901 -45.9978 25932
-88.6901 -45.9978 24143.1
-88.6901 -45.9978 25471.7
-88.6901 -45.9978 25715.3
-88.6901 -45.9978 25378.6
-88.6901 -45.9978 25780.4
-88.6901 -45.9978 24703.8
-88.6901 -45.9978 25209.7
-88.6901 -45.9978 24984.8
-88.6901 -45.9978 24812.6
-88.6401 -45.9978 23443.5
-88.6401 -45.9978 23279.8
-88.6401 -45.9978 23569.8
-88.6401 -45.9978 22967.5
-88.6401 -45.9978 23351.6
-88.6401 -45.9978 24137.8
-88.6401 -45.9978 23296.1
-88.6401 -45.9978 23872.7
-88.6401 -45.9978 23540.5
-88.6401 -45.9978 24417.8
-88.5901 -45.9978 21390.8
-88.5901 -45.9978 21419.4
-88.5901 -45.9978 21782.2
-88.5901 -45.9978 22019.6
-88.5901 -45.9978 20936.3
-88.5901 -45.9978 22623.1
-88.5901 -45.9978 22018.9
-88.5901 -45.9978 21538.6
-88.5901 -45.9978 22451.7
-88.5901 -45.9978 21636.5
-88.5401 -45.9978 19361.1
-88.5401 -45.9978 19279.7
-88.5401 -45.9978 19200.5
-88.5401 -45.9978 18936.1
-88.5401 -45.9978 18606.1
-88.5401 -45.9978 19642.1
-88.5401 -45.9978 19193
-88.5401 -45.9978 18568.9
-88.5401 -45.9978 19382.9
-88.5401 -45.9978 18624.2
-88.4901 -45.9978 15186.5
-88.4901 -45.9978 15825.5
-88.4901 -45.9978 16171.5
-88.4901 -45.9978 16648.1
-88.4901 -45.9978 16268.4
-88.4901 -45.9978 16234.8
-88.4901 -45.9978 15510.6
-88.4901 -45.9978 15178.7
-88.4901 -45.9978 16234.5
-88.4901 -45.9978 16002.7
-88.4401 -45.9978 12688.4
-88.4401 -45.9978 12497.1
-88.4401 -45.9978 12689.4
-88.4401 -45.9978 12889.5
-88.4401 -45.9978 12605.2
-88.4401 -45.9978 13372.1
-88.4401 -45.9978 12641.8
-88.4401 -45.9978 11497.6
-88.4401 -45.9978 12346.6
-88.4401 -45.9978 12407.9
-88.3901 -45.9978 9267.88
-88.3901 -45.9978 9551.37
-88.3901 -45.9978 8672.84
-88.3901 -45.9978 9374.07
-88.3901 -45.9978 9753.31
-88.3901 -45.9978 9228.4
-88.3901 -45.9978 8798.43
-88.3901 -45.9978 8265.97
-88.3901 -45.9978 8640.89
-88.3901 -45.9978 8987.54
-88.3401 -45.9978 6576.31
-88.3401 -45.9978 6442.33
-88.3401 -45.9978 6805.82
-88.3401 -45.9978 6460.99
-88.3401 -45.9978 6303.58
-88.3401 -45.9978 6817.82
-88.3401 -45.9978 6837.18
-88.3401 -45.9978 6782.45
-88.3401 -45.9978 6210.07
-88.3401 -45.9978 6300.04
-88.2901 -45.9978 4464.59
-88.2901 -45.9978 4677.44
-88.2901 -45.9978 4823.8
-88.2901 -45.9978 4283.15
-88.2901 -45.9978 4257.53
-88.2901 -45.9978 4186.46
-88.2901 -45.9978 4317.14
-88.2901 -45.9978 4569.77
-88.2901 -45.9978 4807.53
-88.2901 -45.9978 4661.57
-88.2401 -45.9978 3204.53
-88.2401 -45.9978 3552.42
-88.2401 -45.9978 3328.46
-88.2401 -45.9978 3183.1
-88.2401 -45.9978 3025.75
-88.2401 -45.9978 3256.16
-88.2401 -45.9978 3291.37
-88.2401 -45.9978 3402.91
-88.2401 -45.9978 3417.69
-88.2401 -45.9978 3101.57
-88.1901 -45.9978 2325.4
-88.1901 -45.9978 2593.71
-88.1901 -45.9978 2447.78
-88.1901 -45.9978 2546.01
-88.1901 -45.9978 2435.5
-88.1901 -45.9978 2631.12
-88.1901 -45.9978 2459.68
-88.1901 -45.9978 2424.46
-88.1901 -45.9978 2440.08
-88.1901 -45.9978 2540.77
-88.1401 -45.9978 1823.04
-88.1401 -45.9978 1912.81
-88.1401 -45.9978 2153.8
-88.1401 -45.9978 2223.3
-88.1401 -45.9978 1873.7
-88.1401 -45.9978 1567.63
-88.1401 -45.9978 1907.44
-88.1401 -45.9978 2069.6
-88.1401 -45.9978 2038.28
-88.1401 -45.9978 1990
-88.0901 -45.9978 1736.97
-88.0901 -45.9978 1792.48
-88.0901 -45.9978 1574.89
-88.0901 -45.9978 1521.65
-88.0901 -45.9978 1595.63
-88.0901 -45.9978 1912.16
-88.0901 -45.9978 1729.19
-88.0901 -45.9978 1703.51
-88.0901 -45.9978 1552.26
-88.0901 -45.9978 2001.24
-88.0401 -45.9978 1545.41
-88.0401 -45.9978 1592.27
-88.0401 -45.9978 1770.71
-88.0401 -45.9978 1604.84
-88.0401 -45.9978 1457.21
-88.0401 -45.9978 1633.06
-88.0401 -45.9978 1544.56
-88.0401 -45.9978 1699.68
-88.0401 -45.9978 1727.94
-88.0401 -45.9978 1465.53
-87.9901 -45.9978 1616.17
-87.9901 -45.9978 1343.01
-87.9901 -45.9978 1370.94
-87.9901 -45.9978 1553.78
-87.9901 -45.9978 1551.68
-87.9901 -45.9978 1407.8
-87.9901 -45.9978 1431.53
-87.9901 -45.9978 1230.29
-87.9901 -45.9978 1590.9
-87.9901 -45.9978 1725.85
-87.9401 -45.9978 1589.14
-87.9401 -45.9978 1574.13
-87.9401 -45.9978 1299.5
-87.9401 -45.9978 1478.01
-87.9401 -45.9978 1371.96
-87.9401 -45.9978 1485.79
-87.9401 -45.9978 1502.95
-87.9401 -45.9978 1400.25
-87.9401 -45.9978 1677.89
-87.9401 -45.9978 1393.35
-87.8901 -45.9978 1509.89
-87.8901 -45.9978 1394.13
-87.8901 -45.9978 1197.27
-87.8901 -45.9978 1524.81
-87.8901 -45.9978 1652.44
-87.8901 -45.9978 1640.89
-87.8901 -45.9978 1337.67
-87.8901 -45.9978 1197.15
-87.8901 -45.9978 1387.68
-87.8901 -45.9978 1398.79
-87.8401 -45.9978 1352.18
-87.8401 -45.9978 1366.55
-87.8401 -45.9978 1627.34
-87.8401 -45.9978 1431.51
-87.8401 -45.9978 1341.53
-87.8401 -45.9978 1235.86
-87.8401 -45.9978 1380.74
-87.8401 -45.9978 1286.48
-87.8401 -45.9978 1390.31
-87.8401 -45.9978 1349.92
-87.7901 -45.9978 1092.38
-87.7901 -45.9978 1258.09
-87.7901 -45.9978 1558.05
-87.7901 -45.9978 1249.1
-87.7901 -45.9978 1218.08
-87.7901 -45.9978 1359.71
-87.7901 -45.9978 1404.01
-87.7901 -45.9978 1417.63
-87.7901 -45.9978 1400.98
-87.7901 -45.9978 1510.56
-87.7401 -45.9978 1319.46
-87.7401 -45.9978 1351.67
-87.7401 -45.9978 1365.86
-87.7401 -45.9978 1336.21
-87.7401 -45.9978 1355.36
-87.7401 -45.9978 1489.9
-87.7401 -45.9978 1419.31
-87.7401 -45.9978 1271.94
-87.7401 -45.9978 1269.38
-87.7401 -45.9978 1461.29
-87.6901 -45.9978 1193.88
-87.6901 -45.9978 1463.31
-87.6901 -45.9978 1390.74
-87.6901 -45.9978 1519.75
-87.6901 -45.9978 1368.59
-87.6901 -45.9978 1397.96
-87.6901 -45.9978 1265.66
-87.6901 -45.9978 1194.86
-87.6901 -45.9978 1292.7
-87.6901 -45.9978 1496.96
-87.6401 -45.9978 1372.96
-87.6401 -45.9978 1488.28
-87.6401 -45.9978 1313.56
-87.6401 -45.9978 1503.05
-87.6401 -45.9978 1337.75
-87.6401 -45.9978 1481.75
-87.6401 -45.9978 1378.63
-87.6401 -45.9978 1483.57
-87.6401 -45.9978 1505.17
-87.6401 -45.9978 1376
-87.5901 -45.9978 1378.07
-87.5901 -45.9978 1461.51
-87.5901 -45.9978 1399.43
-87.5901 -45.9978 1248.72
-87.5901 -45.9978 1414.52
-87.5901 -45.9978 1302.64
-87.5901 -45.9978 1442.4
-87.5901 -45.9978 1205.55
-87.5901 -45.9978 1228.62
-87.5901 -45.9978 1393.53
-87.5401 -45.9978 1416.78
-87.5401 -45.9978 1228.14
-87.5401 -45.9978 1420.75
-87.5401 -45.9978 1409.7
-87.5401 -45.9978 1224.52
-87.5401 -45.9978 1409.75
-87.5401 -45.9978 1490.62
-87.5401 -45.9978 1336.04
-87.5401 -45.9978 1125.48
-87.5401 -45.9978 1681.53
-87.4901 -45.9978 1288.57
-87.4901 -45.9978 1425.4
-87.4901 -45.9978 1268.39
-87.4901 -45.9978 1285.42
-87.4901 -45.9978 1308.49
-87.4901 -45.9978 1299.05
-87.4901 -45.9978 1313.28
-87.4901 -45.9978 1238.39
-87.4901 -45.9978 1471.32
-87.4901 -45.9978 1138.42
-87.4401 -45.9978 1521.37
-87.4401 -45.9978 1088.56
-87.4401 -45.9978 1408.44
-87.4401 -45.9978 1334.68
-87.4401 -45.9978 1322.88
-87.4401 -45.9978 1584.38
-87.4401 -45.9978 1462.24
-87.4401 -45.9978 1258.41
-87.4401 -45.9978 1401.25
-87.4401 -45.9978 1179.47
-87.3901 -45.9978 1289.8
-87.3901 -45.9978 1286.69
-87.3901 -45.9978 1473.78
-87.3901 -45.9978 1319.97
-87.3901 -45.9978 1302.95
-87.3901 -45.9978 1434.26
-87.3901 -45.9978 1385.76
-87.3901 -45.9978 1225.48
-87.3901 -45.9978 1111.13
-87.3901 -45.9978 1210.92
-87.3401 -45.9978 1492.32
-87.3401 -45.9978 1534.23
-87.3401 -45.9978 1194.53
-87.3401 -45.9978 1372.07
-87.3401 -45.9978 1518.43
-87.3401 -45.9978 1454.69
-87.3401 -45.9978 1480.04
-87.3401 -45.9978 1271.6
-87.3401 -45.9978 1268.06
-87.3401 -45.9978 1503.93
-87.2901 -45.9978 1140.99
-87.2901 -45.9978 1198.58
-87.2901 -45.9978 1317.17
-87.2901 -45.9978 1159.01
-87.2901 -45.9978 1321.73
-87.2901 -45.9978 1382.17
-87.2901 -45.9978 1371.62
-87.2901 -45.9978 1457.74
-87.2901 -45.9978 1373.48
-87.2901 -45.9978 1347.04
-87.2401 -45.9978 1197.36
-87.2401 -45.9978 1308.17
-87.2401 -45.9978 1284.86
-87.2401 -45.9978 1424.67
-87.2401 -45.9978 1575.35
-87.2401 -45.9978 1563.89
-87.2401 -45.9978 1390.67
-87.2401 -45.9978 1178.13
-87.2401 -45.9978 1286.59
-87.2401 -45.9978 1165.89
-87.1901 -45.9978 1323.31
-87.1901 -45.9978 1262.55
-87.1901 -45.9978 1160.69
-87.1901 -45.9978 1405.66
-87.1901 -45.9978 1346.15
-87.1901 -45.9978 1423.91
-87.1901 -45.9978 1644.58
-87.1901 -45.9978 1355.55
-87.1901 -45.9978 1425.59
-87.1901 -45.9978 1428.15
-87.1401 -45.9978 1484.88
-87.1401 -45.9978 1336.67
-87.1401 -45.9978 1286.17
-87.1401 -45.9978 1322.93
-87.1401 -45.9978 1179.17
-87.1401 -45.9978 1343.24
-87.1401 -45.9978 1460.88
-87.1401 -45.9978 1301.96
-87.1401 -45.9978 1638.82
-87.1401 -45.9978 1186.28
-87.0901 -45.9978 1610.82
-87.0901 -45.9978 1286.7
-87.0901 -45.9978 1467.79
-87.0901 -45.9978 1268.75
-87.0901 -45.9978 1475.46
-87.0901 -45.9978 1360.97
-87.0901 -45.9978 1354.24
-87.0901 -45.9978 1249.4
-87.0901 -45.9978 1410.36
-87.0901 -45.9978 1257.43
-87.0401 -45.9978 1256.51
-87.0401 -45.9978 1313.67
-87.0401 -45.9978 1464.19
-87.0401 -45.9978 1219.76
-87.0401 -45.9978 1408.23
-87.0401 -45.9978 1394.11
-87.0401 -45.9978 1607.99
-87.0401 -45.9978 1440.26
-87.0401 -45.9978 1300.38
-87.0401 -45.9978 1415.24
-86.9901 -45.9978 1246.53
-86.9901 -45.9978 1371.38
-86.9901 -45.9978 1415.05
-86.9901 -45.9978 1428.11
-86.9901 -45.9978 1375.34
-86.9901 -45.9978 1463.36
-86.9901 -45.9978 1419.14
-86.9901 -45.9978 1460.24
-86.9901 -45.9978 1167.27
-86.9901 -45.9978 1412.51
-86.9401 -45.9978 1191.53
-86.9401 -45.9978 1403.88
-86.9401 -45.9978 1234.99
-86.9401 -45.9978 1417.49
-86.9401 -45.9978 1555.85
-86.9401 -45.9978 1417.45
-86.9401 -45.9978 1389.1
-86.9401 -45.9978 1218.68
-86.9401 -45.9978 1066.12
-86.9401 -45.9978 1480.76
