-92.9401 -45.9978 1347.34
-92.9401 -45.9978 1516.61
-92.9401 -45.9978 1419.45
-92.9401 -45.9978 1275.95
-92.9401 -45.9978 1320.53
-92.9401 -45.9978 1587.52
-92.9401 -45.9978 1421
-92.9401 -45.9978 1323
-92.9401 -45.9978 1365.63
-92.9401 -45.9978 1430.35
-92.8901 -45.9978 1283.7
-92.8901 -45.9978 1298.65
-92.8901 -45.9978 1345.41
-92.8901 -45.9978 1310.6
-92.8901 -45.9978 1246.61
-92.8901 -45.9978 1270
-92.8901 -45.9978 1402.81
-92.8901 -45.9978 1641.87
-92.8901 -45.9978 1515
-92.8901 -45.9978 1438.24
-92.8401 -45.9978 1219.67
-92.8401 -45.9978 1304.34
-92.8401 -45.9978 1447.46
-92.8401 -45.9978 1363.8
-92.8401 -45.9978 1590.84
-92.8401 -45.9978 1550.5
-92.8401 -45.9978 1225.24
-92.8401 -45.9978 1297.53
-92.8401 -45.9978 1346.72
-92.8401 -45.9978 1339.3
-92.7901 -45.9978 1672.11
-92.7901 -45.9978 1520.63
-92.7901 -45.9978 1336.39
-92.7901 -45.9978 1636.48
-92.7901 -45.9978 1401.5
-92.7901 -45.9978 1471.46
-92.7901 -45.9978 1299.38
-92.7901 -45.9978 1421.75
-92.7901 -45.9978 1331.89
-92.7901 -45.9978 1310.48
-92.7401 -45.9978 1337.1
-92.7401 -45.9978 1504.85
-92.7401 -45.9978 1647.04
-92.7401 -45.9978 1471.62
-92.7401 -45.9978 1206.28
-92.7401 -45.9978 1603.48
-92.7401 -45.9978 1398.05
-92.7401 -45.9978 1486.48
-92.7401 -45.9978 1593.92
-92.7401 -45.9978 1676.58
-92.6901 -45.9978 1345.01
-92.6901 -45.9978 1366.7
-92.6901 -45.9978 1286.3
-92.6901 -45.9978 1381.81
-92.6901 -45.9978 1379.24
-92.6901 -45.9978 1335.98
-92.6901 -45.9978 1316.54
-92.6901 -45.9978 1260.46
-92.6901 -45.9978 1324.82
-92.6901 -45.9978 1345.41
-92.6401 -45.9978 1433.1
-92.6401 -45.9978 1416.83
-92.6401 -45.9978 1498.1
-92.6401 -45.9978 1382.86
-92.6401 -45.9978 1178.75
-92.6401 -45.9978 1506.45
-92.6401 -45.9978 1469.75
-92.6401 -45.9978 1410.53
-92.6401 -45.9978 1541.38
-92.6401 -45.9978 1535.96
-92.5901 -45.9978 1228.74
-92.5901 -45.9978 1309.96
-92.5901 -45.9978 1753.3
-92.5901 -45.9978 1391.21
-92.5901 -45.9978 1471.34
-92.5901 -45.9978 1243.3
-92.5901 -45.9978 1463.57
-92.5901 -45.9978 1458.84
-92.5901 -45.9978 1188.88
-92.5901 -45.9978 1554.92
-92.5401 -45.9978 1474.46
-92.5401 -45.9978 1572.79
-92.5401 -45.9978 1482.19
-92.5401 -45.9978 1374.86
-92.5401 -45.9978 1342.05
-92.5401 -45.9978 1306.24
-92.5401 -45.9978 1489.18
-92.5401 -45.9978 1468.75
-92.5401 -45.9978 1477.46
-92.5401 -45.9978 1170.2
-92.4901 -45.9978 1502.45
-92.4901 -45.9978 1302.25
-92.4901 -45.9978 1428.98
-92.4901 -45.9978 1225.7
-92.4901 -45.9978 1351.71
-92.4901 -45.9978 1284.96
-92.4901 -45.9978 1341.12
-92.4901 -45.9978 1381.26
-92.4901 -45.9978 1246.14
-92.4901 -45.9978 1442.91
-92.4401 -45.9978 1581.46
-92.4401 -45.9978 1371.04
-92.4401 -45.9978 1467.64
-92.4401 -45.9978 1481.89
-92.4401 -45.9978 1399.76
-92.4401 -45.9978 1494.13
-92.4401 -45.9978 1437.08
-92.4401 -45.9978 1559.66
-92.4401 -45.9978 1458.16
-92.4401 -45.9978 1452.97
-92.3901 -45.9978 1465.64
-92.3901 -45.9978 1561.63
-92.3901 -45.9978 1357.88
-92.3901 -45.9978 1448.56
-92.3901 -45.9978 1461.33
-92.3901 -45.9978 1257.94
-92.3901 -45.9978 1287.29
-92.3901 -45.9978 1660.15
-92.3901 -45.9978 1464.52
-92.3901 -45.9978 1490.93
-92.3401 -45.9978 1402.92
-92.3401 -45.9978 1461.98
-92.3401 -45.9978 1531.32
-92.3401 -45.9978 1478.95
-92.3401 -45.9978 1401.36
-92.3401 -45.9978 1417.92
-92.3401 -45.9978 1133.91
-92.3401 -45.9978 1337.07
-92.3401 -45.9978 1508.31
-92.3401 -45.9978 1311.58
-92.2901 -45.9978 1433.16
-92.2901 -45.9978 1294.4
-92.2901 -45.9978 1325.04
-92.2901 -45.9978 1314.45
-92.2901 -45.9978 1375.8
-92.2901 -45.9978 1170.66
-92.2901 -45.9978 1304.06
-92.2901 -45.9978 1538.98
-92.2901 -45.9978 1225.42
-92.2901 -45.9978 1355.29
-92.2401 -45.9978 1433.93
-92.2401 -45.9978 1503.13
-92.2401 -45.9978 1259.44
-92.2401 -45.9978 1007.12
-92.2401 -45.9978 1141.39
-92.2401 -45.9978 1835.03
-92.2401 -45.9978 1548.91
-92.2401 -45.9978 1395.04
-92.2401 -45.9978 1452.19
-92.2401 -45.9978 1498.65
-92.1901 -45.9978 1379.69
-92.1901 -45.9978 1356.36
-92.1901 -45.9978 1535.83
-92.1901 -45.9978 1458.56
-92.1901 -45.9978 1544.33
-92.1901 -45.9978 1265.63
-92.1901 -45.9978 1544.53
-92.1901 -45.9978 1385.4
-92.1901 -45.9978 1374.77
-92.1901 -45.9978 1472.22
-92.1401 -45.9978 1335.5
-92.1401 -45.9978 1698.82
-92.1401 -45.9978 1363.71
-92.1401 -45.9978 1474.17
-92.1401 -45.9978 1573.4
-92.1401 -45.9978 1468.56
-92.1401 -45.9978 1543.11
-92.1401 -45.9978 1475.66
-92.1401 -45.9978 1435.49
-92.1401 -45.9978 1302.98
-92.0901 -45.9978 1548.74
-92.0901 -45.9978 1421.08
-92.0901 -45.9978 1363.94
-92.0901 -45.9978 1559.44
-92.0901 -45.9978 1614.02
-92.0901 -45.9978 1391.76
-92.0901 -45.9978 1522.22
-92.0901 -45.9978 1640.17
-92.0901 -45.9978 1550.18
-92.0901 -45.9978 1353.34
-92.0401 -45.9978 1451.42
-92.0401 -45.9978 1449.2
-92.0401 -45.9978 1538.58
-92.0401 -45.9978 1400.45
-92.0401 -45.9978 1517.77
-92.0401 -45.9978 1487.84
-92.0401 -45.9978 1635.18
-92.0401 -45.9978 1437.6
-92.0401 -45.9978 1568.25
-92.0401 -45.9978 1766.11
-91.9901 -45.9978 1328.78
-91.9901 -45.9978 1441.85
-91.9901 -45.9978 1415.77
-91.9901 -45.9978 1360.72
-91.9901 -45.9978 1766.4
-91.9901 -45.9978 1423.29
-91.9901 -45.9978 1554.11
-91.9901 -45.9978 1758.52
-91.9901 -45.9978 1493.56
-91.9901 -45.9978 1684.65
-91.9401 -45.9978 1579.39
-91.9401 -45.9978 1553.8
-91.9401 -45.9978 1516.84
-91.9401 -45.9978 1781.19
-91.9401 -45.9978 1601.47
-91.9401 -45.9978 1797.93
-91.9401 -45.9978 1665.09
-91.9401 -45.9978 1455.95
-91.9401 -45.9978 1538.77
-91.9401 -45.9978 1760.59
-91.8901 -45.9978 1804.69
-91.8901 -45.9978 1961.93
-91.8901 -45.9978 1812.94
-91.8901 -45.9978 1643.54
-91.8901 -45.9978 1831.78
-91.8901 -45.9978 1769.01
-91.8901 -45.9978 1650.01
-91.8901 -45.9978 1975.34
-91.8901 -45.9978 1515.08
-91.8901 -45.9978 1865.87
-91.8401 -45.9978 2085.53
-91.8401 -45.9978 1957.56
-91.8401 -45.9978 2062.77
-91.8401 -45.9978 1942.71
-91.8401 -45.9978 2370.67
-91.8401 -45.9978 2361.5
-91.8401 -45.9978 2468.37
-91.8401 -45.9978 2224.67
-91.8401 -45.9978 1954.51
-91.8401 -45.9978 2105.73
-91.7901 -45.9978 2990.29
-91.7901 -45.9978 2477
-91.7901 -45.9978 2717.12
-91.7901 -45.9978 2885.42
-91.7901 -45.9978 2408.48
-91.7901 -45.9978 2489.58
-91.7901 -45.9978 2382.55
-91.7901 -45.9978 2588.71
-91.7901 -45.9978 2629.86
-91.7901 -45.9978 2529.91
-91.7401 -45.9978 3069.71
-91.7401 -45.9978 3420.38
-91.7401 -45.9978 3041.2
-91.7401 -45.9978 2977.74
-91.7401 -45.9978 3183.79
-91.7401 -45.9978 3456.17
-91.7401 -45.9978 3384.31
-91.7401 -45.9978 3339.93
-91.7401 -45.9978 3277.3
-91.7401 -45.9978 3406.66
-91.6901 -45.9978 3806.88
-91.6901 -45.9978 3873.91
-91.6901 -45.9978 4185.06
-91.6901 -45.9978 4259.24
-91.6901 -45.9978 4158.54
-91.6901 -45.9978 3913.41
-91.6901 -45.9978 4540.23
-91.6901 -45.9978 4347.04
-91.6901 -45.9978 4335.34
-91.6901 -45.9978 3721.75
-91.6401 -45.9978 5325.43
-91.6401 -45.9978 5761.67
-91.6401 -45.9978 5194.38
-91.6401 -45.9978 5121.6
-91.6401 -45.9978 4887.97
-91.6401 -45.9978 5607.88
-91.6401 -45.9978 5167.78
-91.6401 -45.9978 5337.19
-91.6401 -45.9978 5293.68
-91.6401 -45.9978 4666.31
-91.5901 -45.9978 7644.89
-91.5901 -45.9978 6769.26
-91.5901 -45.9978 7148.76
-91.5901 -45.9978 7205.79
-91.5901 -45.9978 7452.73
-91.5901 -45.9978 6983.73
-91.5901 -45.9978 7003.99
-91.5901 -45.9978 6970.53
-91.5901 -45.9978 6823.55
-91.5901 -45.9978 6782.31
-91.5401 -45.9978 9854.12
-91.5401 -45.9978 9759.44
-91.5401 -45.9978 9646.72
-91.5401 -45.9978 8981.1
-91.5401 -45.9978 9093.97
-91.5401 -45.9978 9374.2
-91.5401 -45.9978 9513.05
-91.5401 -45.9978 9715.79
-91.5401 -45.9978 9295.03
-91.5401 -45.9978 9589.8
-91.4901 -45.9978 12367.3
-91.4901 -45.9978 12329.1
-91.4901 -45.9978 12455.3
-91.4901 -45.9978 12203.5
-91.4901 -45.9978 12209.9
-91.4901 -45.9978 12072
-91.4901 -45.9978 12466.4
-91.4901 -45.9978 12281.2
-91.4901 -45.9978 12454.4
-91.4901 -45.9978 12506.2
-91.4401 -45.9978 15039.8
-91.4401 -45.9978 15114.4
-91.4401 -45.9978 14756.6
-91.4401 -45.9978 14438
-91.4401 -45.9978 15698.8
-91.4401 -45.9978 14848.1
-91.4401 -45.9978 14971.5
-91.4401 -45.9978 14378.7
-91.4401 -45.9978 15199.8
-91.4401 -45.9978 14526.4
-91.3901 -45.9978 18132.7
-91.3901 -45.9978 17545.4
-91.3901 -45.9978 18498.1
-91.3901 -45.9978 18123.9
-91.3901 -45.9978 17688.3
-91.3901 -45.9978 18040.6
-91.3901 -45.9978 17671.2
-91.3901 -45.9978 17922.9
-91.3901 -45.9978 18370.1
-91.3901 -45.9978 17788.7
-91.3401 -45.9978 20111.5
-91.3401 -45.9978 20292.3
-91.3401 -45.9978 19972.8
-91.3401 -45.9978 19998.2
-91.3401 -45.9978 19227.7
-91.3401 -45.9978 20263.5
-91.3401 -45.9978 20984
-91.3401 -45.9978 21217.5
-91.3401 -45.9978 21010.5
-91.3401 -45.9978 20334.5
-91.2901 -45.9978 22592.1
-91.2901 -45.9978 22453.8
-91.2901 -45.9978 23166.8
-91.2901 -45.9978 22322.9
-91.2901 -45.9978 21416.9
-91.2901 -45.9978 23409.4
-91.2901 -45.9978 23515.3
-91.2901 -45.9978 22702.9
-91.2901 -45.9978 23213.1
-91.2901 -45.9978 23417.6
-91.2401 -45.9978 24462.8
-91.2401 -45.9978 24312.4
-91.2401 -45.9978 24076
-91.2401 -45.9978 24955.8
-91.2401 -45.9978 25221.3
-91.2401 -45.9978 24477.8
-91.2401 -45.9978 24866.2
-91.2401 -45.9978 25350
-91.2401 -45.9978 24409.6
-91.2401 -45.9978 24297.7
-91.1901 -45.9978 25583.6
-91.1901 -45.9978 25409.9
-91.1901 -45.9978 25518
-91.1901 -45.9978 25457.2
-91.1901 -45.9978 25881
-91.1901 -45.9978 25327.5
-91.1901 -45.9978 25468.5
-91.1901 -45.9978 25096.7
-91.1901 -45.9978 26817.3
-91.1901 -45.9978 25249.6
-91.1401 -45.9978 26307.1
-91.1401 -45.9978 26360.6
-91.1401 -45.9978 25938.8
-91.1401 -45.9978 25625.9
-91.1401 -45.9978 25876.4
-91.1401 -45.9978 25652
-91.1401 -45.9978 26412.7
-91.1401 -45.9978 26785.3
-91.1401 -45.9978 25932.7
-91.1401 -45.9978 26121.6
-91.0901 -45.9978 26761.3
-91.0901 -45.9978 26585.4
-91.0901 -45.9978 0
-91.0901 -45.9978 26144.1
-91.0901 -45.9978 27162
-91.0901 -45.9978 26882.4
-91.0901 -45.9978 26594.8
-91.0901 -45.9978 27182.2
-91.0901 -45.9978 27417.6
-91.0901 -45.9978 26296.3
-91.0401 -45.9978 27504.5
-91.0401 -45.9978 26105.7
-91.0401 -45.9978 27352.3
-91.0401 -45.9978 27137.5
-91.0401 -45.9978 26969.9
-91.0401 -45.9978 27620.5
-91.0401 -45.9978 26273.3
-91.0401 -45.9978 26492.7
-91.0401 -45.9978 26911
-91.0401 -45.9978 27490.6
-90.9901 -45.9978 27349.5
-90.9901 -45.9978 27344.9
-90.9901 -45.9978 27866.1
-90.9901 -45.9978 26247.7
-90.9901 -45.9978 25937.6
-90.9901 -45.9978 27141.8
-90.9901 -45.9978 27036.4
-90.9901 -45.9978 27248.5
-90.9901 -45.9978 26507.2
-90.9901 -45.9978 27340.5
-90.9401 -45.9978 26384.3
-90.9401 -45.9978 27585.7
-90.9401 -45.9978 27663.6
-90.9401 -45.9978 27541.9
-90.9401 -45.9978 26413.9
-90.9401 -45.9978 27272.1
-90.9401 -45.9978 27081
-90.9401 -45.9978 27457.5
-90.9401 -45.9978 26863.6
-90.9401 -45.9978 26909
-90.8901 -45.9978 27146.2
-90.8901 -45.9978 27112.9
-90.8901 -45.9978 27415.7
-90.8901 -45.9978 27342.2
-90.8901 -45.9978 26696.8
-90.8901 -45.9978 27964.2
-90.8901 -45.9978 27213.3
-90.8901 -45.9978 26650.4
-90.8901 -45.9978 27509.2
-90.8901 -45.9978 27106.2
-90.8401 -45.9978 27656.4
-90.8401 -45.9978 27733.4
-90.8401 -45.9978 27180.9
-90.8401 -45.9978 27466.1
-90.8401 -45.9978 27620.2
-90.8401 -45.9978 27496.4
-90.8401 -45.9978 27728.3
-90.8401 -45.9978 26843.4
-90.8401 -45.9978 27511.5
-90.8401 -45.9978 27333.9
-90.7901 -45.9978 28190.7
-90.7901 -45.9978 27021
-90.7901 -45.9978 28414.7
-90.7901 -45.9978 27915.4
-90.7901 -45.9978 27903
-90.7901 -45.9978 26787
-90.7901 -45.9978 27482.7
-90.7901 -45.9978 27859.1
-90.7901 -45.9978 27129.7
-90.7901 -45.9978 27186.9
-90.7401 -45.9978 27736.8
-90.7401 -45.9978 28019.2
-90.7401 -45.9978 27282.4
-90.7401 -45.9978 26756
-90.7401 -45.9978 27577.9
-90.7401 -45.9978 27557.7
-90.7401 -45.9978 27025.7
-90.7401 -45.9978 27040.5
-90.7401 -45.9978 27170.4
-90.7401 -45.9978 26735.5
-90.6901 -45.9978 27926.1
-90.6901 -45.9978 27538
-90.6901 -45.9978 27214.6
-90.6901 -45.9978 27267.7
-90.6901 -45.9978 26722.8
-90.6901 -45.9978 27511.7
-90.6901 -45.9978 26703.8
-90.6901 -45.9978 27752
-90.6901 -45.9978 27132.1
-90.6901 -45.9978 27143.9
-90.6401 -45.9978 27799.6
-90.6401 -45.9978 27706.8
-90.6401 -45.9978 26784.5
-90.6401 -45.9978 28229.5
-90.6401 -45.9978 26971.9
-90.6401 -45.9978 27632.9
-90.6401 -45.9978 27373.1
-90.6401 -45.9978 28657.7
-90.6401 -45.9978 27399.4
-90.6401 -45.9978 27214
-90.5901 -45.9978 27312.6
-90.5901 -45.9978 28450.3
-90.5901 -45.9978 27676.1
-90.5901 -45.9978 27745.8
-90.5901 -45.9978 26970.9
-90.5901 -45.9978 27689.5
-90.5901 -45.9978 27215.8
-90.5901 -45.9978 27790.9
-90.5901 -45.9978 27717.8
-90.5901 -45.9978 26726.4
-90.5401 -45.9978 27759.8
-90.5401 -45.9978 27539.1
-90.5401 -45.9978 27138.9
-90.5401 -45.9978 27905.3
-90.5401 -45.9978 27268.9
-90.5401 -45.9978 27624.8
-90.5401 -45.9978 27945.5
-90.5401 -45.9978 26965.2
-90.5401 -45.9978 26869.2
-90.5401 -45.9978 27160.5
-90.4901 -45.9978 27874.3
-90.4901 -45.9978 27331
-90.4901 -45.9978 27123.8
-90.4901 -45.9978 27538.8
-90.4901 -45.9978 27147
-90.4901 -45.9978 26837.5
-90.4901 -45.9978 27469.7
-90.4901 -45.9978 27897.7
-90.4901 -45.9978 26891.8
-90.4901 -45.9978 27439.9
-90.4401 -45.9978 27967.9
-90.4401 -45.9978 28296.8
-90.4401 -45.9978 28473.5
-90.4401 -45.9978 26603.5
-90.4401 -45.9978 27514.2
-90.4401 -45.9978 27396.7
-90.4401 -45.9978 26937.9
-90.4401 -45.9978 27433.1
-90.4401 -45.9978 27209.6
-90.4401 -45.9978 27200.5
-90.3901 -45.9978 27885.2
-90.3901 -45.9978 26965.1
-90.3901 -45.9978 28046.2
-90.3901 -45.9978 27727.6
-90.3901 -45.9978 27326.2
-90.3901 -45.9978 27588.5
-90.3901 -45.9978 27354.1
-90.3901 -45.9978 28248
-90.3901 -45.9978 27303.4
-90.3901 -45.9978 26799.8
-90.3401 -45.9978 27738.9
-90.3401 -45.9978 27659.9
-90.3401 -45.9978 26404
-90.3401 -45.9978 26815.2
-90.3401 -45.9978 27668.3
-90.3401 -45.9978 27250.5
-90.3401 -45.9978 27680.6
-90.3401 -45.9978 27535.1
-90.3401 -45.9978 28225.3
-90.3401 -45.9978 28261.6
-90.2901 -45.9978 28734.6
-90.2901 -45.9978 27893.1
-90.2901 -45.9978 26370.1
-90.2901 -45.9978 27618.2
-90.2901 -45.9978 27897.4
-90.2901 -45.9978 28136.5
-90.2901 -45.9978 27863.9
-90.2901 -45.9978 26783.6
-90.2901 -45.9978 26658.2
-90.2901 -45.9978 28092.8
-90.2401 -45.9978 28364.3
-90.2401 -45.9978 27299.9
-90.2401 -45.9978 28335.9
-90.2401 -45.9978 26641.6
-90.2401 -45.9978 26994.9
-90.2401 -45.9978 27340.6
-90.2401 -45.9978 27566.5
-90.2401 -45.9978 27587.1
-90.2401 -45.9978 27459.3
-90.2401 -45.9978 27754.8
-90.1901 -45.9978 28159.5
-90.1901 -45.9978 28363.9
-90.1901 -45.9978 27429.2
-90.1901 -45.9978 26836.2
-90.1901 -45.9978 26624.9
-90.1901 -45.9978 26199
-90.1901 -45.9978 26838.7
-90.1901 -45.9978 25369.3
-90.1901 -45.9978 26993.6
-90.1901 -45.9978 27768.3
-90.1401 -45.9978 27664.7
-90.1401 -45.9978 27936.9
-90.1401 -45.9978 28317.8
-90.1401 -45.9978 27222.6
-90.1401 -45.9978 27252.5
-90.1401 -45.9978 28007.7
-90.1401 -45.9978 27504.7
-90.1401 -45.9978 26771.1
-90.1401 -45.9978 27096.7
-90.1401 -45.9978 26997.9
-90.0901 -45.9978 27882.9
-90.0901 -45.9978 27480
-90.0901 -45.9978 27045.8
-90.0901 -45.9978 26882.1
-90.0901 -45.9978 27270.4
-90.0901 -45.9978 28166
-90.0901 -45.9978 27026.7
-90.0901 -45.9978 27899.9
-90.0901 -45.9978 26652.7
-90.0901 -45.9978 27640.8
-90.0401 -45.9978 27385.6
-90.0401 -45.9978 27138.7
-90.0401 -45.9978 28134.7
-90.0401 -45.9978 27515.4
-90.0401 -45.9978 28415.1
-90.0401 -45.9978 26112.5
-90.0401 -45.9978 27158.3
-90.0401 -45.9978 26997.6
-90.0401 -45.9978 27989.8
-90.0401 -45.9978 27071
-89.9901 -45.9978 27937.7
-89.9901 -45.9978 26661.9
-89.9901 -45.9978 28155.2
-89.9901 -45.9978 27311.4
-89.9901 -45.9978 26746.6
-89.9901 -45.9978 26526.4
-89.9901 -45.9978 26675.4
-89.9901 -45.9978 27051.3
-89.9901 -45.9978 28154.2
-89.9901 -45.9978 27049.1
-89.9401 -45.9978 28156.6
-89.9401 -45.9978 27187.2
-89.9401 -45.9978 28031.3
-89.9401 -45.9978 26701.5
-89.9401 -45.9978 27810.8
-89.9401 -45.9978 27866.9
-89.9401 -45.9978 27516.9
-89.9401 -45.9978 27551.9
-89.9401 -45.9978 27368.8
-89.9401 -45.9978 27537.4
-89.8901 -45.9978 26160.7
-89.8901 -45.9978 27177.5
-89.8901 -45.9978 27429.7
-89.8901 -45.9978 27051.5
-89.8901 -45.9978 28275.5
-89.8901 -45.9978 27452.4
-89.8901 -45.9978 27652.6
-89.8901 -45.9978 28373.6
-89.8901 -45.9978 26903
-89.8901 -45.9978 27099.2
-89.8401 -45.9978 28282.8
-89.8401 -45.9978 27587.8
-89.8401 -45.9978 27508
-89.8401 -45.9978 27246.1
-89.8401 -45.9978 28069.9
-89.8401 -45.9978 27673.8
-89.8401 -45.9978 27726.6
-89.8401 -45.9978 26660.1
-89.8401 -45.9978 27365.8
-89.8401 -45.9978 27681
-89.7901 -45.9978 26827.1
-89.7901 -45.9978 26727.6
-89.7901 -45.9978 26419.7
-89.7901 -45.9978 26951.7
-89.7901 -45.9978 27421.2
-89.7901 -45.9978 25946.3
-89.7901 -45.9978 28973.8
-89.7901 -45.9978 27876.4
-89.7901 -45.9978 27668.2
-89.7901 -45.9978 26568.6
-89.7401 -45.9978 27767.3
-89.7401 -45.9978 26492.4
-89.7401 -45.9978 26983.3
-89.7401 -45.9978 27403.1
-89.7401 -45.9978 27321.6
-89.7401 -45.9978 27635.5
-89.7401 -45.9978 27355.8
-89.7401 -45.9978 27255.6
-89.7401 -45.9978 27182.7
-89.7401 -45.9978 27961.9
-89.6901 -45.9978 27114.8
-89.6901 -45.9978 28627.7
-89.6901 -45.9978 27138.8
-89.6901 -45.9978 27517.2
-89.6901 -45.9978 28296.1
-89.6901 -45.9978 27467.5
-89.6901 -45.9978 27508.7
-89.6901 -45.9978 27850.2
-89.6901 -45.9978 26828.2
-89.6901 -45.9978 27224.5
-89.6401 -45.9978 27393.6
-89.6401 -45.9978 28047.8
-89.6401 -45.9978 28517.7
-89.6401 -45.9978 27130.3
-89.6401 -45.9978 27119.7
-89.6401 -45.9978 26612.9
-89.6401 -45.9978 27378.3
-89.6401 -45.9978 26117.5
-89.6401 -45.9978 26546.3
-89.6401 -45.9978 27228.3
-89.5901 -45.9978 27329
-89.5901 -45.9978 28712.3
-89.5901 -45.9978 27370.7
-89.5901 -45.9978 26990.1
-89.5901 -45.9978 27243.3
-89.5901 -45.9978 27331.2
-89.5901 -45.9978 27159.5
-89.5901 -45.9978 27589.1
-89.5901 -45.9978 27388.3
-89.5901 -45.9978 27371.5
-89.5401 -45.9978 27203.4
-89.5401 -45.9978 27604.9
-89.5401 -45.9978 27890.7
-89.5401 -45.9978 27981.4
-89.5401 -45.9978 27956.1
-89.5401 -45.9978 27098.3
-89.5401 -45.9978 28111
-89.5401 -45.9978 27724.5
-89.5401 -45.9978 27655.5
-89.5401 -45.9978 26587.9
-89.4901 -45.9978 28509.5
-89.4901 -45.9978 27791
-89.4901 -45.9978 28409.4
-89.4901 -45.9978 27948.5
-89.4901 -45.9978 27392
-89.4901 -45.9978 27003.1
-89.4901 -45.9978 27597.5
-89.4901 -45.9978 27416.8
-89.4901 -45.9978 27017.1
-89.4901 -45.9978 26676.5
-89.4401 -45.9978 27481.5
-89.4401 -45.9978 27607.9
-89.4401 -45.9978 28562.7
-89.4401 -45.9978 27042.4
-89.4401 -45.9978 26803.8
-89.4401 -45.9978 28046.7
-89.4401 -45.9978 27196.9
-89.4401 -45.9978 27053.1
-89.4401 -45.9978 27010
-89.4401 -45.9978 27231.8
-89.3901 -45.9978 27265.2
-89.3901 -45.9978 28203.3
-89.3901 -45.9978 27444.3
-89.3901 -45.9978 27252.7
-89.3901 -45.9978 26582
-89.3901 -45.9978 26167.1
-89.3901 -45.9978 26722.6
-89.3901 -45.9978 27409.4
-89.3901 -45.9978 26913.6
-89.3901 -45.9978 27756
-89.3401 -45.9978 27636.3
-89.3401 -45.9978 26651.8
-89.3401 -45.9978 27718.2
-89.3401 -45.9978 27292.2
-89.3401 -45.9978 27722.9
-89.3401 -45.9978 27809.7
-89.3401 -45.9978 28397.9
-89.3401 -45.9978 28556.1
-89.3401 -45.9978 26791
-89.3401 -45.9978 27916.5
-89.2901 -45.9978 28085.5
-89.2901 -45.9978 27823
-89.2901 -45.9978 27507.5
-89.2901 -45.9978 27784.8
-89.2901 -45.9978 27559.4
-89.2901 -45.9978 28556.3
-89.2901 -45.9978 28138.9
-89.2901 -45.9978 27240
-89.2901 -45.9978 27887.2
-89.2901 -45.9978 27693.9
-89.2401 -45.9978 27036.6
-89.2401 -45.9978 28000.4
-89.2401 -45.9978 26924.7
-89.2401 -45.9978 26686.2
-89.2401 -45.9978 27601.1
-89.2401 -45.9978 27638.9
-89.2401 -45.9978 26744.5
-89.2401 -45.9978 28118.4
-89.2401 -45.9978 26915.7
-89.2401 -45.9978 27690.4
-89.1901 -45.9978 27792.2
-89.1901 -45.9978 27891.3
-89.1901 -45.9978 27228.6
-89.1901 -45.9978 26883.2
-89.1901 -45.9978 28455.9
-89.1901 -45.9978 28939.4
-89.1901 -45.9978 27476.7
-89.1901 -45.9978 27117.1
-89.1901 -45.9978 27189.1
-89.1901 -45.9978 27541.7
-89.1401 -45.9978 26682.8
-89.1401 -45.9978 27496.4
-89.1401 -45.9978 27832.7
-89.1401 -45.9978 26853.5
-89.1401 -45.9978 28387.1
-89.1401 -45.9978 26760.1
-89.1401 -45.9978 28097.5
-89.1401 -45.9978 26526.2
-89.1401 -45.9978 27288.7
-89.1401 -45.9978 26337.6
-89.0901 -45.9978 27340.7
-89.0901 -45.9978 26916.6
-89.0901 -45.9978 27156.7
-89.0901 -45.9978 27182
-89.0901 -45.9978 27582.1
-89.0901 -45.9978 28201.1
-89.0901 -45.9978 26805.2
-89.0901 -45.9978 27077.1
-89.0901 -45.9978 27477.8
-89.0901 -45.9978 27581.7
-89.0401 -45.9978 27036
-89.0401 -45.9978 28216.2
-89.0401 -45.9978 27828.2
-89.0401 -45.9978 27152.3
-89.0401 -45.9978 27194.1
-89.0401 -45.9978 26967.1
-89.0401 -45.9978 27802.2
-89.0401 -45.9978 26151.7
-89.0401 -45.9978 27966.6
-89.0401 -45.9978 27775.3
-88.9901 -45.9978 27795.8
-88.9901 -45.9978 25794.8
-88.9901 -45.9978 26368.4
-88.9901 -45.9978 27230.4
-88.9901 -45.9978 25801.1
-88.9901 -45.9978 27735.3
-88.9901 -45.9978 27613
-88.9901 -45.9978 27394.5
-88.9901 -45.9978 27447.3
-88.9901 -45.9978 26004.9
-88.9401 -45.9978 26973.7
-88.9401 -45.9978 26899.9
-88.9401 -45.9978 27675.4
-88.9401 -45.9978 27554
-88.9401 -45.9978 27176.4
-88.9401 -45.9978 26796
-88.9401 -45.9978 26544.6
-88.9401 -45.9978 27135.1
-88.9401 -45.9978 27274.4
-88.9401 -45.9978 26335.7
-88.8901 -45.9978 26387.5
-88.8901 -45.9978 27606.1
-88.8901 -45.9978 27603.1
-88.8901 -45.9978 26358
-88.8901 -45.9978 26981
-88.8901 -45.9978 27464.9
-88.8901 -45.9978 27668.4
-88.8901 -45.9978 26919
-88.8901 -45.9978 27986.4
-88.8901 -45.9978 26473.1
-88.8401 -45.9978 26875.8
-88.8401 -45.9978 27525.5
-88.8401 -45.9978 26289.4
-88.8401 -45.9978 26734.6
-88.8401 -45.9978 27425.5
-88.8401 -45.9978 26245
-88.8401 -45.9978 27420.5
-88.8401 -45.9978 27317.8
-88.8401 -45.9978 26299.2
-88.8401 -45.9978 26680.5
-88.7901 -45.9978 28437.9
-88.7901 -45.9978 25807.6
-88.7901 -45.9978 26861.4
-88.7901 -45.9978 25888.8
-88.7901 -45.9978 26114.5
-88.7901 -45.9978 26832.6
-88.7901 -45.9978 26706
-88.7901 -45.9978 27044.5
-88.7901 -45.9978 27409.9
-88.7901 -45.9978 25789.9
-88.7401 -45.9978 25336.2
-88.7401 -45.9978 26050.7
-88.7401 -45.9978 25400
-88.7401 -45.9978 25612.3
-88.7401 -45.9978 25609.2
-88.7401 -45.9978 25042.7
-88.7401 -45.9978 26065.7
-88.7401 -45.9978 25170.5
-88.7401 -45.9978 25675.8
-88.7401 -45.9978 25175.5
-88.6901 -45.9978 25205.7
-88.6901 -45.9978 25110.4
-88.6901 -45.9978 26242.9
-88.6901 -45.9978 25107.2
-88.6901 -45.9978 25213.3
-88.6901 -45.9978 25105.2
-88.6901 -45.9978 25118.1
-88.6901 -45.9978 25207.4
-88.6901 -45.9978 24849.2
-88.6901 -45.9978 25111.8
-88.6401 -45.9978 23864.8
-88.6401 -45.9978 23466.4
-88.6401 -45.9978 23557.8
-88.6401 -45.9978 24168.7
-88.6401 -45.9978 24217.4
-88.6401 -45.9978 24103.1
-88.6401 -45.9978 23120
-88.6401 -45.9978 24067
-88.6401 -45.9978 23606.5
-88.6401 -45.9978 23675.8
-88.5901 -45.9978 20615.1
-88.5901 -45.9978 22425.8
-88.5901 -45.9978 20993.7
-88.5901 -45.9978 22426.9
-88.5901 -45.9978 22074.9
-88.5901 -45.9978 22479.9
-88.5901 -45.9978 22087
-88.5901 -45.9978 21284.7
-88.5901 -45.9978 22448.1
-88.5901 -45.9978 21803
-88.5401 -45.9978 19590.6
-88.5401 -45.9978 20108.6
-88.5401 -45.9978 19618.1
-88.5401 -45.9978 19821
-88.5401 -45.9978 18353.9
-88.5401 -45.9978 19211.5
-88.5401 -45.9978 19482.1
-88.5401 -45.9978 19942.7
-88.5401 -45.9978 19613
-88.5401 -45.9978 18889.9
-88.4901 -45.9978 15666.6
-88.4901 -45.9978 15446.7
-88.4901 -45.9978 16672.2
-88.4901 -45.9978 16525.9
-88.4901 -45.9978 16197.3
-88.4901 -45.9978 16073
-88.4901 -45.9978 16302.2
-88.4901 -45.9978 16340.1
-88.4901 -45.9978 16611.8
-88.4901 -45.9978 16346.6
-88.4401 -45.9978 12328.2
-88.4401 -45.9978 12374.4
-88.4401 -45.9978 12836.1
-88.4401 -45.9978 12659.8
-88.4401 -45.9978 12745
-88.4401 -45.9978 12645
-88.4401 -45.9978 12664.2
-88.4401 -45.9978 12569.1
-88.4401 -45.9978 13018.5
-88.4401 -45.9978 12863.1
-88.3901 -45.9978 10105.5
-88.3901 -45.9978 9531.11
-88.3901 -45.9978 9807.93
-88.3901 -45.9978 9771.01
-88.3901 -45.9978 9696.73
-88.3901 -45.9978 9126.95
-88.3901 -45.9978 9388.53
-88.3901 -45.9978 9085.95
-88.3901 -45.9978 9968.42
-88.3901 -45.9978 9144.32
-88.3401 -45.9978 7023.66
-88.3401 -45.9978 6784.82
-88.3401 -45.9978 6762.55
-88.3401 -45.9978 6449.55
-88.3401 -45.9978 6676.82
-88.3401 -45.9978 6529.64
-88.3401 -45.9978 6781.76
-88.3401 -45.9978 6279.15
-88.3401 -45.9978 6900.03
-88.3401 -45.9978 7219.29
-88.2901 -45.9978 4820.72
-88.2901 -45.9978 4612.06
-88.2901 -45.9978 4572.5
-88.2901 -45.9978 5036.87
-88.2901 -45.9978 4500.63
-88.2901 -45.9978 4481.52
-88.2901 -45.9978 4401.83
-88.2901 -45.9978 4464.53
-88.2901 -45.9978 4344.11
-88.2901 -45.9978 4605.48
-88.2401 -45.9978 3284.37
-88.2401 -45.9978 3172.05
-88.2401 -45.9978 2743.83
-88.2401 -45.9978 3418.3
-88.2401 -45.9978 3353.3
-88.2401 -45.9978 3297.42
-88.2401 -45.9978 3089.02
-88.2401 -45.9978 3236.72
-88.2401 -45.9978 3389.57
-88.2401 -45.9978 3260.66
-88.1901 -45.9978 2273.58
-88.1901 -45.9978 2621.35
-88.1901 -45.9978 2546.42
-88.1901 -45.9978 2647.86
-88.1901 -45.9978 2464.69
-88.1901 -45.9978 2443.92
-88.1901 -45.9978 2404.32
-88.1901 -45.9978 2401.87
-88.1901 -45.9978 2491.8
-88.1901 -45.9978 2639.94
-88.1401 -45.9978 2118.28
-88.1401 -45.9978 2004.77
-88.1401 -45.9978 1902.96
-88.1401 -45.9978 1789.65
-88.1401 -45.9978 2172.8
-88.1401 -45.9978 1998.67
-88.1401 -45.9978 2129.44
-88.1401 -45.9978 2137.65
-88.1401 -45.9978 1952.06
-88.1401 -45.9978 2091.29
-88.0901 -45.9978 1683.94
-88.0901 -45.9978 1840.61
-88.0901 -45.9978 1660.3
-88.0901 -45.9978 1827.61
-88.0901 -45.9978 1568.39
-88.0901 -45.9978 1696.69
-88.0901 -45.9978 1639.07
-88.0901 -45.9978 1865.98
-88.0901 -45.9978 1782.74
-88.0901 -45.9978 1678.17
-88.0401 -45.9978 0
-88.0401 -45.9978 1434.18
-88.0401 -45.9978 1533.81
-88.0401 -45.9978 1639.92
-88.0401 -45.9978 1556.97
-88.0401 -45.9978 1639.62
-88.0401 -45.9978 1698.65
-88.0401 -45.9978 1601.62
-88.0401 -45.9978 1708.27
-88.0401 -45.9978 1771.05
-87.9901 -45.9978 1649.25
-87.9901 -45.9978 1450.29
-87.9901 -45.9978 1416.07
-87.9901 -45.9978 1358.27
-87.9901 -45.9978 1370.77
-87.9901 -45.9978 1464.78
-87.9901 -45.9978 1571.42
-87.9901 -45.9978 1453.72
-87.9901 -45.9978 1329.29
-87.9901 -45.9978 1639.83
-87.9401 -45.9978 1544.25
-87.9401 -45.9978 1487.82
-87.9401 -45.9978 1245.83
-87.9401 -45.9978 1420.43
-87.9401 -45.9978 1339.18
-87.9401 -45.9978 1511.39
-87.9401 -45.9978 1383.13
-87.9401 -45.9978 1209.22
-87.9401 -45.9978 1545.18
-87.9401 -45.9978 1535.02
-87.8901 -45.9978 1535.25
-87.8901 -45.9978 1166.48
-87.8901 -45.9978 1276.09
-87.8901 -45.9978 1546.08
-87.8901 -45.9978 1298.9
-87.8901 -45.9978 1246.04
-87.8901 -45.9978 1327.36
-87.8901 -45.9978 1532.41
-87.8901 -45.9978 1418.71
-87.8901 -45.9978 1379.5
-87.8401 -45.9978 1303.03
-87.8401 -45.9978 1464.39
-87.8401 -45.9978 1470.79
-87.8401 -45.9978 1560.36
-87.8401 -45.9978 1437.16
-87.8401 -45.9978 1339.58
-87.8401 -45.9978 1246.93
-87.8401 -45.9978 1560.56
-87.8401 -45.9978 1303.23
-87.8401 -45.9978 1282.82
-87.7901 -45.9978 1473.82
-87.7901 -45.9978 1495.01
-87.7901 -45.9978 1286.94
-87.7901 -45.9978 1477.96
-87.7901 -45.9978 1230.56
-87.7901 -45.9978 1385.34
-87.7901 -45.9978 1183.72
-87.7901 -45.9978 1547.71
-87.7901 -45.9978 1224.34
-87.7901 -45.9978 1191.08
-87.7401 -45.9978 1376.52
-87.7401 -45.9978 1410.6
-87.7401 -45.9978 1470.62
-87.7401 -45.9978 1442.56
-87.7401 -45.9978 1322.05
-87.7401 -45.9978 1269.47
-87.7401 -45.9978 1468.6
-87.7401 -45.9978 1500.4
-87.7401 -45.9978 1313.35
-87.7401 -45.9978 1152.92
-87.6901 -45.9978 1344.38
-87.6901 -45.9978 1343.83
-87.6901 -45.9978 1302.97
-87.6901 -45.9978 1401.27
-87.6901 -45.9978 1410.13
-87.6901 -45.9978 1435.87
-87.6901 -45.9978 1457.98
-87.6901 -45.9978 1479.9
-87.6901 -45.9978 1207.82
-87.6901 -45.9978 1390.79
-87.6401 -45.9978 1464.17
-87.6401 -45.9978 1308.41
-87.6401 -45.9978 1497.23
-87.6401 -45.9978 1402.24
-87.6401 -45.9978 1325.99
-87.6401 -45.9978 1324.92
-87.6401 -45.9978 1315.86
-87.6401 -45.9978 1158.52
-87.6401 -45.9978 1452.26
-87.6401 -45.9978 1256.78
-87.5901 -45.9978 1322.14
-87.5901 -45.9978 1422.93
-87.5901 -45.9978 1442.28
-87.5901 -45.9978 1334.54
-87.5901 -45.9978 1359.48
-87.5901 -45.9978 1433.07
-87.5901 -45.9978 1288.32
-87.5901 -45.9978 1392.21
-87.5901 -45.9978 1226.74
-87.5901 -45.9978 1341.34
-87.5401 -45.9978 1407.82
-87.5401 -45.9978 1220.49
-87.5401 -45.9978 1379.51
-87.5401 -45.9978 1343.21
-87.5401 -45.9978 1388.73
-87.5401 -45.9978 1221.53
-87.5401 -45.9978 1333.57
-87.5401 -45.9978 1405.14
-87.5401 -45.9978 1465.49
-87.5401 -45.9978 1273.17
-87.4901 -45.9978 1437.67
-87.4901 -45.9978 1460.83
-87.4901 -45.9978 1516.24
-87.4901 -45.9978 1478.37
-87.4901 -45.9978 1294.09
-87.4901 -45.9978 1454.25
-87.4901 -45.9978 1354.84
-87.4901 -45.9978 1384.38
-87.4901 -45.9978 1267.67
-87.4901 -45.9978 1336.79
-87.4401 -45.9978 1382.72
-87.4401 -45.9978 1247.34
-87.4401 -45.9978 1425.65
-87.4401 -45.9978 1317.14
-87.4401 -45.9978 1209.95
-87.4401 -45.9978 1209.66
-87.4401 -45.9978 1428.48
-87.4401 -45.9978 1306.17
-87.4401 -45.9978 1486.73
-87.4401 -45.9978 1230.38
-87.3901 -45.9978 1315.57
-87.3901 -45.9978 1227.29
-87.3901 -45.9978 1361.22
-87.3901 -45.9978 1278.78
-87.3901 -45.9978 1453.75
-87.3901 -45.9978 1390.82
-87.3901 -45.9978 1404.2
-87.3901 -45.9978 1302.76
-87.3901 -45.9978 1410.13
-87.3901 -45.9978 1385.16
-87.3401 -45.9978 1418.36
-87.3401 -45.9978 1254.08
-87.3401 -45.9978 1224.8
-87.3401 -45.9978 1250.31
-87.3401 -45.9978 1427.55
-87.3401 -45.9978 1295.23
-87.3401 -45.9978 1465.13
-87.3401 -45.9978 1331.9
-87.3401 -45.9978 1514.63
-87.3401 -45.9978 1453.19
-87.2901 -45.9978 1149.16
-87.2901 -45.9978 1118.84
-87.2901 -45.9978 1439.22
-87.2901 -45.9978 1433.81
-87.2901 -45.9978 1306.67
-87.2901 -45.9978 1316.61
-87.2901 -45.9978 1297.74
-87.2901 -45.9978 1305.11
-87.2901 -45.9978 1507.24
-87.2901 -45.9978 1335.66
-87.2401 -45.9978 1253.95
-87.2401 -45.9978 1367.12
-87.2401 -45.9978 1216.81
-87.2401 -45.9978 1167.27
-87.2401 -45.9978 1376.59
-87.2401 -45.9978 1265.56
-87.2401 -45.9978 1594.78
-87.2401 -45.9978 1420.37
-87.2401 -45.9978 1288.08
-87.2401 -45.9978 1380.48
-87.1901 -45.9978 1322.73
-87.1901 -45.9978 1376.34
-87.1901 -45.9978 1382.02
-87.1901 -45.9978 1337.28
-87.1901 -45.9978 1510.07
-87.1901 -45.9978 1275.85
-87.1901 -45.9978 1448.28
-87.1901 -45.9978 1126.18
-87.1901 -45.9978 1406.27
-87.1901 -45.9978 1508.85
-87.1401 -45.9978 1399.83
-87.1401 -45.9978 1144.46
-87.1401 -45.9978 1351.22
-87.1401 -45.9978 1323.47
-87.1401 -45.9978 1322.72
-87.1401 -45.9978 1372.17
-87.1401 -45.9978 1163.49
-87.1401 -45.9978 1464.23
-87.1401 -45.9978 1437.22
-87.1401 -45.9978 1363.8
-87.0901 -45.9978 1325.36
-87.0901 -45.9978 1348.44
-87.0901 -45.9978 1523.12
-87.0901 -45.9978 1114.73
-87.0901 -45.9978 1425.35
-87.0901 -45.9978 1141.92
-87.0901 -45.9978 1361.89
-87.0901 -45.9978 1355.51
-87.0901 -45.9978 1681.25
-87.0901 -45.9978 1340.3
-87.0401 -45.9978 1235.98
-87.0401 -45.9978 1363.63
-87.0401 -45.9978 1447.65
-87.0401 -45.9978 1143.62
-87.0401 -45.9978 1306.02
-87.0401 -45.9978 1403.25
-87.0401 -45.9978 1296.93
-87.0401 -45.9978 1295.16
-87.0401 -45.9978 1279.04
-87.0401 -45.9978 1313.93
-86.9901 -45.9978 1297.73
-86.9901 -45.9978 1161.52
-86.9901 -45.9978 1285.16
-86.9901 -45.9978 1576.97
-86.9901 -45.9978 1292.58
-86.9901 -45.9978 1194.46
-86.9901 -45.9978 1322.43
-86.9901 -45.9978 1435.97
-86.9901 -45.9978 1332.15
-86.9901 -45.9978 1427.52
-86.9401 -45.9978 1276.14
-86.9401 -45.9978 1425.75
-86.9401 -45.9978 1178.52
-86.9401 -45.9978 1392.21
-86.9401 -45.9978 1340.87
-86.9401 -45.9978 1472.96
-86.9401 -45.9978 1239.37
-86.9401 -45.9978 1372.3
-86.9401 -45.9978 1329.02
-86.9401 -45.9978 1263.33
