-89.9401 -48.2478 1379.1
-89.9401 -48.2478 1433.67
-89.9401 -48.2478 1280.36
-89.9401 -48.2478 1249.85
-89.9401 -48.2478 1471.16
-89.9401 -48.2478 1382.56
-89.9401 -48.2478 1571.74
-89.9401 -48.2478 1607.37
-89.9401 -48.2478 1332.42
-89.9401 -48.2478 1409.15
-89.9401 -48.1978 1172.76
-89.9401 -48.1978 1180.95
-89.9401 -48.1978 1332.26
-89.9401 -48.1978 1312.85
-89.9401 -48.1978 1340.05
-89.9401 -48.1978 1289.42
-89.9401 -48.1978 1327.03
-89.9401 -48.1978 1480.89
-89.9401 -48.1978 1358.08
-89.9401 -48.1978 1418.34
-89.9401 -48.1478 1629.3
-89.9401 -48.1478 1443.33
-89.9401 -48.1478 1382.37
-89.9401 -48.1478 1218.72
-89.9401 -48.1478 1297.36
-89.9401 -48.1478 1547.19
-89.9401 -48.1478 1587.93
-89.9401 -48.1478 1508.54
-89.9401 -48.1478 1200.01
-89.9401 -48.1478 1316.86
-89.9401 -48.0978 1365.31
-89.9401 -48.0978 1589.9
-89.9401 -48.0978 1410.62
-89.9401 -48.0978 1408.01
-89.9401 -48.0978 1258.64
-89.9401 -48.0978 1546.98
-89.9401 -48.0978 1621.48
-89.9401 -48.0978 1275
-89.9401 -48.0978 1457.88
-89.9401 -48.0978 1493.35
-89.9401 -48.0478 1516.62
-89.9401 -48.0478 1330.24
-89.9401 -48.0478 1352.54
-89.9401 -48.0478 1525.5
-89.9401 -48.0478 1401.43
-89.9401 -48.0478 1382.78
-89.9401 -48.0478 1262.54
-89.9401 -48.0478 1490.69
-89.9401 -48.0478 1353.88
-89.9401 -48.0478 1275.15
-89.9401 -47.9978 1431.54
-89.9401 -47.9978 1363.39
-89.9401 -47.9978 1710.71
-89.9401 -47.9978 1446.14
-89.9401 -47.9978 1296.48
-89.9401 -47.9978 1400.73
-89.9401 -47.9978 1417.65
-89.9401 -47.9978 1346.42
-89.9401 -47.9978 1409.26
-89.9401 -47.9978 1289.51
-89.9401 -47.9478 1463.38
-89.9401 -47.9478 1384.13
-89.9401 -47.9478 1596.04
-89.9401 -47.9478 1386.9
-89.9401 -47.9478 1510.81
-89.9401 -47.9478 1363.92
-89.9401 -47.9478 1325.33
-89.9401 -47.9478 1288.19
-89.9401 -47.9478 1551.63
-89.9401 -47.9478 1225.65
-89.9401 -47.8978 1332.22
-89.9401 -47.8978 1259.03
-89.9401 -47.8978 1509.3
-89.9401 -47.8978 1565.73
-89.9401 -47.8978 1513.26
-89.9401 -47.8978 1336.58
-89.9401 -47.8978 1318.96
-89.9401 -47.8978 1425.69
-89.9401 -47.8978 1605.9
-89.9401 -47.8978 1333.99
-89.9401 -47.8478 1443.13
-89.9401 -47.8478 1399.72
-89.9401 -47.8478 1329.33
-89.9401 -47.8478 1411.62
-89.9401 -47.8478 1364.51
-89.9401 -47.8478 1491.56
-89.9401 -47.8478 1517.12
-89.9401 -47.8478 1200.4
-89.9401 -47.8478 1411.6
-89.9401 -47.8478 1211.58
-89.9401 -47.7978 1295.03
-89.9401 -47.7978 1402.32
-89.9401 -47.7978 1295.04
-89.9401 -47.7978 1433.82
-89.9401 -47.7978 1390.98
-89.9401 -47.7978 1438.29
-89.9401 -47.7978 1410.87
-89.9401 -47.7978 1470.77
-89.9401 -47.7978 1437.8
-89.9401 -47.7978 1424
-89.9401 -47.7478 1223.61
-89.9401 -47.7478 1558.23
-89.9401 -47.7478 1176.21
-89.9401 -47.7478 1294.34
-89.9401 -47.7478 1669.54
-89.9401 -47.7478 1382.66
-89.9401 -47.7478 1115.92
-89.9401 -47.7478 1384.88
-89.9401 -47.7478 1493.29
-89.9401 -47.7478 1313.8
-89.9401 -47.6978 1503.15
-89.9401 -47.6978 1420.03
-89.9401 -47.6978 1415.89
-89.9401 -47.6978 1514.98
-89.9401 -47.6978 1280.05
-89.9401 -47.6978 1549.94
-89.9401 -47.6978 1258.78
-89.9401 -47.6978 1433.41
-89.9401 -47.6978 1407.76
-89.9401 -47.6978 1694.63
-89.9401 -47.6478 1394.66
-89.9401 -47.6478 1529.84
-89.9401 -47.6478 1233.65
-89.9401 -47.6478 1449.6
-89.9401 -47.6478 1480.33
-89.9401 -47.6478 1541.36
-89.9401 -47.6478 1336.93
-89.9401 -47.6478 1507.59
-89.9401 -47.6478 1292.12
-89.9401 -47.6478 1201.42
-89.9401 -47.5978 1779.19
-89.9401 -47.5978 1361.03
-89.9401 -47.5978 1402.37
-89.9401 -47.5978 0
-89.9401 -47.5978 1285.98
-89.9401 -47.5978 1157.02
-89.9401 -47.5978 1393.39
-89.9401 -47.5978 1535.7
-89.9401 -47.5978 1551.73
-89.9401 -47.5978 1385.91
-89.9401 -47.5478 1297.05
-89.9401 -47.5478 1491.51
-89.9401 -47.5478 1328.74
-89.9401 -47.5478 1509.54
-89.9401 -47.5478 1363.62
-89.9401 -47.5478 1520.24
-89.9401 -47.5478 1485.51
-89.9401 -47.5478 1620.39
-89.9401 -47.5478 1380.19
-89.9401 -47.5478 1553
-89.9401 -47.4978 1400.27
-89.9401 -47.4978 1495.49
-89.9401 -47.4978 1726.11
-89.9401 -47.4978 1472.72
-89.9401 -47.4978 1370.82
-89.9401 -47.4978 1658.16
-89.9401 -47.4978 1608.66
-89.9401 -47.4978 1489.97
-89.9401 -47.4978 1581.96
-89.9401 -47.4978 1441.09
-89.9401 -47.4478 1725.54
-89.9401 -47.4478 1500.77
-89.9401 -47.4478 1472.82
-89.9401 -47.4478 1592.84
-89.9401 -47.4478 1138.9
-89.9401 -47.4478 1287.26
-89.9401 -47.4478 1168.93
-89.9401 -47.4478 1484.84
-89.9401 -47.4478 1149.39
-89.9401 -47.4478 1367.15
-89.9401 -47.3978 1512.18
-89.9401 -47.3978 1383.77
-89.9401 -47.3978 1578.59
-89.9401 -47.3978 1389.09
-89.9401 -47.3978 1375.12
-89.9401 -47.3978 1477.58
-89.9401 -47.3978 1472.71
-89.9401 -47.3978 1375.49
-89.9401 -47.3978 1605.54
-89.9401 -47.3978 1371.97
-89.9401 -47.3478 1554.43
-89.9401 -47.3478 1464.77
-89.9401 -47.3478 1579.47
-89.9401 -47.3478 1365.16
-89.9401 -47.3478 1567.59
-89.9401 -47.3478 1399.75
-89.9401 -47.3478 1457.63
-89.9401 -47.3478 1512.62
-89.9401 -47.3478 1698.9
-89.9401 -47.3478 1542.6
-89.9401 -47.2978 1722.31
-89.9401 -47.2978 1353.56
-89.9401 -47.2978 1370.75
-89.9401 -47.2978 1449.7
-89.9401 -47.2978 1595.9
-89.9401 -47.2978 1630.19
-89.9401 -47.2978 1401.55
-89.9401 -47.2978 1545.46
-89.9401 -47.2978 1371.02
-89.9401 -47.2978 1520.97
-89.9401 -47.2478 1406.44
-89.9401 -47.2478 1633.19
-89.9401 -47.2478 1715.66
-89.9401 -47.2478 1507.01
-89.9401 -47.2478 1453.2
-89.9401 -47.2478 1671.25
-89.9401 -47.2478 1581.98
-89.9401 -47.2478 1538.81
-89.9401 -47.2478 1555.19
-89.9401 -47.2478 1705.26
-89.9401 -47.1978 1657.26
-89.9401 -47.1978 1763.48
-89.9401 -47.1978 1784.36
-89.9401 -47.1978 1510.66
-89.9401 -47.1978 1773.92
-89.9401 -47.1978 1572.23
-89.9401 -47.1978 1900.38
-89.9401 -47.1978 1738.24
-89.9401 -47.1978 1460.83
-89.9401 -47.1978 1430.41
-89.9401 -47.1478 1886.59
-89.9401 -47.1478 1889.77
-89.9401 -47.1478 1864.75
-89.9401 -47.1478 1697.14
-89.9401 -47.1478 1866.39
-89.9401 -47.1478 1737.95
-89.9401 -47.1478 0
-89.9401 -47.1478 1844.81
-89.9401 -47.1478 2199.92
-89.9401 -47.1478 1587.13
-89.9401 -47.0978 0
-89.9401 -47.0978 2021.43
-89.9401 -47.0978 2263.46
-89.9401 -47.0978 2206.23
-89.9401 -47.0978 2483.34
-89.9401 -47.0978 2039.08
-89.9401 -47.0978 0
-89.9401 -47.0978 2430.61
-89.9401 -47.0978 2094.92
-89.9401 -47.0978 2201.64
-89.9401 -47.0478 2553.68
-89.9401 -47.0478 2301.38
-89.9401 -47.0478 2776.1
-89.9401 -47.0478 2968.59
-89.9401 -47.0478 2732.29
-89.9401 -47.0478 2977.33
-89.9401 -47.0478 2529.07
-89.9401 -47.0478 2535.09
-89.9401 -47.0478 2802.54
-89.9401 -47.0478 3084.87
-89.9401 -46.9978 3490.63
-89.9401 -46.9978 3585.25
-89.9401 -46.9978 3653.67
-89.9401 -46.9978 3310.23
-89.9401 -46.9978 3647.52
-89.9401 -46.9978 3548.25
-89.9401 -46.9978 3650.47
-89.9401 -46.9978 3536.7
-89.9401 -46.9978 3310.25
-89.9401 -46.9978 3291.74
-89.9401 -46.9478 4973.33
-89.9401 -46.9478 4496.94
-89.9401 -46.9478 4971.41
-89.9401 -46.9478 4662.69
-89.9401 -46.9478 4781.03
-89.9401 -46.9478 5050.49
-89.9401 -46.9478 5379.36
-89.9401 -46.9478 5220.67
-89.9401 -46.9478 4828.46
-89.9401 -46.9478 4742.88
-89.9401 -46.8978 6339.81
-89.9401 -46.8978 6708.47
-89.9401 -46.8978 6658.42
-89.9401 -46.8978 6443.7
-89.9401 -46.8978 6369.83
-89.9401 -46.8978 7100.16
-89.9401 -46.8978 6477.23
-89.9401 -46.8978 7094.94
-89.9401 -46.8978 6995.3
-89.9401 -46.8978 6692.34
-89.9401 -46.8478 8848.93
-89.9401 -46.8478 8450.42
-89.9401 -46.8478 8825.23
-89.9401 -46.8478 8239.91
-89.9401 -46.8478 9232.06
-89.9401 -46.8478 8629.83
-89.9401 -46.8478 8244.61
-89.9401 -46.8478 8844.64
-89.9401 -46.8478 8644.88
-89.9401 -46.8478 8578.7
-89.9401 -46.7978 11892.3
-89.9401 -46.7978 11109.9
-89.9401 -46.7978 11024.8
-89.9401 -46.7978 11183.3
-89.9401 -46.7978 10926.7
-89.9401 -46.7978 10984.7
-89.9401 -46.7978 11113.3
-89.9401 -46.7978 11484.2
-89.9401 -46.7978 11688.1
-89.9401 -46.7978 11694.5
-89.9401 -46.7478 14232.2
-89.9401 -46.7478 14511.6
-89.9401 -46.7478 14849.3
-89.9401 -46.7478 13946.9
-89.9401 -46.7478 14461.6
-89.9401 -46.7478 15021.9
-89.9401 -46.7478 14140.7
-89.9401 -46.7478 14658.9
-89.9401 -46.7478 14934
-89.9401 -46.7478 14512.5
-89.9401 -46.6978 16714.7
-89.9401 -46.6978 17154.5
-89.9401 -46.6978 17054
-89.9401 -46.6978 17972.1
-89.9401 -46.6978 17004.6
-89.9401 -46.6978 17052
-89.9401 -46.6978 16795.4
-89.9401 -46.6978 17445.6
-89.9401 -46.6978 17696.1
-89.9401 -46.6978 17275.1
-89.9401 -46.6478 19515.6
-89.9401 -46.6478 20577.8
-89.9401 -46.6478 19876.6
-89.9401 -46.6478 19659.9
-89.9401 -46.6478 20574.9
-89.9401 -46.6478 20065.1
-89.9401 -46.6478 20185.6
-89.9401 -46.6478 19515.6
-89.9401 -46.6478 18708.2
-89.9401 -46.6478 19909.5
-89.9401 -46.5978 21670.8
-89.9401 -46.5978 21997.1
-89.9401 -46.5978 21686.6
-89.9401 -46.5978 22078.1
-89.9401 -46.5978 21590.9
-89.9401 -46.5978 21743.6
-89.9401 -46.5978 21739.2
-89.9401 -46.5978 21865.2
-89.9401 -46.5978 23071.2
-89.9401 -46.5978 21100
-89.9401 -46.5478 23290.2
-89.9401 -46.5478 23298.9
-89.9401 -46.5478 22952.3
-89.9401 -46.5478 23167.6
-89.9401 -46.5478 23669.8
-89.9401 -46.5478 22458
-89.9401 -46.5478 23023.3
-89.9401 -46.5478 23001.3
-89.9401 -46.5478 23345.7
-89.9401 -46.5478 23031.3
-89.9401 -46.4978 24537
-89.9401 -46.4978 24818.5
-89.9401 -46.4978 25623.7
-89.9401 -46.4978 25494
-89.9401 -46.4978 25419.4
-89.9401 -46.4978 24405.9
-89.9401 -46.4978 25869.3
-89.9401 -46.4978 25098.1
-89.9401 -46.4978 24442.6
-89.9401 -46.4978 24434.8
-89.9401 -46.4478 25847.1
-89.9401 -46.4478 25359.1
-89.9401 -46.4478 25681.5
-89.9401 -46.4478 25970.1
-89.9401 -46.4478 25470.4
-89.9401 -46.4478 25658.8
-89.9401 -46.4478 26515.9
-89.9401 -46.4478 24807
-89.9401 -46.4478 26294.6
-89.9401 -46.4478 25343.8
-89.9401 -46.3978 26808.8
-89.9401 -46.3978 26027.2
-89.9401 -46.3978 26690.4
-89.9401 -46.3978 25868.1
-89.9401 -46.3978 26370.7
-89.9401 -46.3978 26460.2
-89.9401 -46.3978 26651.9
-89.9401 -46.3978 26784.8
-89.9401 -46.3978 25405.8
-89.9401 -46.3978 25967.9
-89.9401 -46.3478 25798.4
-89.9401 -46.3478 26162.5
-89.9401 -46.3478 25959.6
-89.9401 -46.3478 27400.3
-89.9401 -46.3478 27427.7
-89.9401 -46.3478 27403.4
-89.9401 -46.3478 26980.6
-89.9401 -46.3478 26263.4
-89.9401 -46.3478 26880.8
-89.9401 -46.3478 26738.2
-89.9401 -46.2978 26259.9
-89.9401 -46.2978 26756.2
-89.9401 -46.2978 27325
-89.9401 -46.2978 27968.9
-89.9401 -46.2978 26914.3
-89.9401 -46.2978 26781.7
-89.9401 -46.2978 27211
-89.9401 -46.2978 27388.9
-89.9401 -46.2978 26169.8
-89.9401 -46.2978 26665
-89.9401 -46.2478 27187
-89.9401 -46.2478 27650
-89.9401 -46.2478 26415
-89.9401 -46.2478 27375.6
-89.9401 -46.2478 26680.4
-89.9401 -46.2478 25959.5
-89.9401 -46.2478 27167.9
-89.9401 -46.2478 27050.1
-89.9401 -46.2478 27289.2
-89.9401 -46.2478 26756.2
-89.9401 -46.1978 26804.7
-89.9401 -46.1978 27271.1
-89.9401 -46.1978 26311.5
-89.9401 -46.1978 26525.1
-89.9401 -46.1978 27650.2
-89.9401 -46.1978 27511.2
-89.9401 -46.1978 26884.5
-89.9401 -46.1978 27434.4
-89.9401 -46.1978 27192.7
-89.9401 -46.1978 27769.7
-89.9401 -46.1478 28002
-89.9401 -46.1478 27252.2
-89.9401 -46.1478 27201.2
-89.9401 -46.1478 28036.5
-89.9401 -46.1478 27522.6
-89.9401 -46.1478 27322.7
-89.9401 -46.1478 28722.3
-89.9401 -46.1478 27535.4
-89.9401 -46.1478 27403.4
-89.9401 -46.1478 27559.2
-89.9401 -46.0978 27794.6
-89.9401 -46.0978 28207.3
-89.9401 -46.0978 27700.7
-89.9401 -46.0978 26517.2
-89.9401 -46.0978 26383.8
-89.9401 -46.0978 26709.9
-89.9401 -46.0978 27773.3
-89.9401 -46.0978 27183.5
-89.9401 -46.0978 26806.3
-89.9401 -46.0978 27268.8
-89.9401 -46.0478 27522.1
-89.9401 -46.0478 26888.5
-89.9401 -46.0478 27382
-89.9401 -46.0478 26910.2
-89.9401 -46.0478 27453.7
-89.9401 -46.0478 26614.7
-89.9401 -46.0478 26828
-89.9401 -46.0478 26491.8
-89.9401 -46.0478 27694.8
-89.9401 -46.0478 26943.5
-89.9401 -45.9978 27992.8
-89.9401 -45.9978 27829.9
-89.9401 -45.9978 27164.2
-89.9401 -45.9978 27384.4
-89.9401 -45.9978 27096.4
-89.9401 -45.9978 27896.9
-89.9401 -45.9978 27009.8
-89.9401 -45.9978 27840.8
-89.9401 -45.9978 26967.1
-89.9401 -45.9978 27448.5
-89.9401 -45.9478 27940
-89.9401 -45.9478 27234.3
-89.9401 -45.9478 27145.5
-89.9401 -45.9478 27503.5
-89.9401 -45.9478 27161.3
-89.9401 -45.9478 27110.1
-89.9401 -45.9478 26753.2
-89.9401 -45.9478 28551.2
-89.9401 -45.9478 28320.4
-89.9401 -45.9478 27069.7
-89.9401 -45.8978 27538.5
-89.9401 -45.8978 27182.3
-89.9401 -45.8978 27674.2
-89.9401 -45.8978 26444.6
-89.9401 -45.8978 27419.8
-89.9401 -45.8978 27424.3
-89.9401 -45.8978 26228.3
-89.9401 -45.8978 26805.2
-89.9401 -45.8978 28040.4
-89.9401 -45.8978 27603.8
-89.9401 -45.8478 26914.6
-89.9401 -45.8478 26476.9
-89.9401 -45.8478 26650.4
-89.9401 -45.8478 27221.8
-89.9401 -45.8478 27608.9
-89.9401 -45.8478 26881.6
-89.9401 -45.8478 26344.6
-89.9401 -45.8478 27673.8
-89.9401 -45.8478 27659.6
-89.9401 -45.8478 27027
-89.9401 -45.7978 26687.5
-89.9401 -45.7978 27413
-89.9401 -45.7978 27417
-89.9401 -45.7978 27124.5
-89.9401 -45.7978 27054.9
-89.9401 -45.7978 28059.3
-89.9401 -45.7978 27295.6
-89.9401 -45.7978 27963
-89.9401 -45.7978 27388.5
-89.9401 -45.7978 27503.8
-89.9401 -45.7478 27468.6
-89.9401 -45.7478 27059.4
-89.9401 -45.7478 27291.7
-89.9401 -45.7478 27930.3
-89.9401 -45.7478 26842.2
-89.9401 -45.7478 26351.7
-89.9401 -45.7478 27251
-89.9401 -45.7478 27407
-89.9401 -45.7478 28360.7
-89.9401 -45.7478 27243.1
-89.9401 -45.6978 27365
-89.9401 -45.6978 26868.7
-89.9401 -45.6978 27508.7
-89.9401 -45.6978 28027.5
-89.9401 -45.6978 28324.5
-89.9401 -45.6978 28366.8
-89.9401 -45.6978 26963.4
-89.9401 -45.6978 26128.4
-89.9401 -45.6978 27672.2
-89.9401 -45.6978 26446.3
-89.9401 -45.6478 28023.2
-89.9401 -45.6478 27628
-89.9401 -45.6478 26123.3
-89.9401 -45.6478 28034.2
-89.9401 -45.6478 28091.9
-89.9401 -45.6478 27237.4
-89.9401 -45.6478 27365.1
-89.9401 -45.6478 27863
-89.9401 -45.6478 27555.3
-89.9401 -45.6478 27981.6
-89.9401 -45.5978 27777.2
-89.9401 -45.5978 27748.8
-89.9401 -45.5978 28172.9
-89.9401 -45.5978 27628.2
-89.9401 -45.5978 26429.4
-89.9401 -45.5978 27126.7
-89.9401 -45.5978 26911
-89.9401 -45.5978 27214.7
-89.9401 -45.5978 27488.9
-89.9401 -45.5978 28118.8
-89.9401 -45.5478 26879.8
-89.9401 -45.5478 26422.5
-89.9401 -45.5478 26480.5
-89.9401 -45.5478 27597.7
-89.9401 -45.5478 27537.2
-89.9401 -45.5478 27198.4
-89.9401 -45.5478 27518.9
-89.9401 -45.5478 27213.5
-89.9401 -45.5478 27504.7
-89.9401 -45.5478 27614.5
-89.9401 -45.4978 26676.8
-89.9401 -45.4978 26634.7
-89.9401 -45.4978 27627.8
-89.9401 -45.4978 27966.9
-89.9401 -45.4978 27636.7
-89.9401 -45.4978 26622.6
-89.9401 -45.4978 26553.1
-89.9401 -45.4978 27051
-89.9401 -45.4978 27232.7
-89.9401 -45.4978 27222.5
-89.9401 -45.4478 27389.5
-89.9401 -45.4478 27317.6
-89.9401 -45.4478 26646.9
-89.9401 -45.4478 26229.8
-89.9401 -45.4478 27560
-89.9401 -45.4478 27031.9
-89.9401 -45.4478 28807.9
-89.9401 -45.4478 26419.7
-89.9401 -45.4478 26734.7
-89.9401 -45.4478 26524.7
-89.9401 -45.3978 26418.3
-89.9401 -45.3978 26807.9
-89.9401 -45.3978 26943.6
-89.9401 -45.3978 27189.6
-89.9401 -45.3978 26361.9
-89.9401 -45.3978 27142.3
-89.9401 -45.3978 26935.2
-89.9401 -45.3978 27615.1
-89.9401 -45.3978 26305.1
-89.9401 -45.3978 28191.5
-89.9401 -45.3478 26436.1
-89.9401 -45.3478 25801.6
-89.9401 -45.3478 26651.5
-89.9401 -45.3478 26045.1
-89.9401 -45.3478 26200.6
-89.9401 -45.3478 25695.9
-89.9401 -45.3478 26444.1
-89.9401 -45.3478 26660.2
-89.9401 -45.3478 25440.7
-89.9401 -45.3478 27282.3
-89.9401 -45.2978 26387.3
-89.9401 -45.2978 26834.4
-89.9401 -45.2978 25947.7
-89.9401 -45.2978 27498.6
-89.9401 -45.2978 26547.8
-89.9401 -45.2978 26122.9
-89.9401 -45.2978 27412.5
-89.9401 -45.2978 25849.9
-89.9401 -45.2978 26379.7
-89.9401 -45.2978 26668.6
-89.9401 -45.2478 26350.6
-89.9401 -45.2478 25908.9
-89.9401 -45.2478 25728.1
-89.9401 -45.2478 26185.9
-89.9401 -45.2478 26610.7
-89.9401 -45.2478 26946.1
-89.9401 -45.2478 25087.7
-89.9401 -45.2478 26667.5
-89.9401 -45.2478 26636.3
-89.9401 -45.2478 27528.6
-89.9401 -45.1978 27428.5
-89.9401 -45.1978 27116.2
-89.9401 -45.1978 26837.2
-89.9401 -45.1978 26525.3
-89.9401 -45.1978 26456.5
-89.9401 -45.1978 26575.1
-89.9401 -45.1978 26164
-89.9401 -45.1978 26349.1
-89.9401 -45.1978 26139.4
-89.9401 -45.1978 26058.1
-89.9401 -45.1478 25117.6
-89.9401 -45.1478 26537
-89.9401 -45.1478 26101.8
-89.9401 -45.1478 25998.9
-89.9401 -45.1478 26745.5
-89.9401 -45.1478 26532.9
-89.9401 -45.1478 25477.1
-89.9401 -45.1478 26802.1
-89.9401 -45.1478 26750.2
-89.9401 -45.1478 26160.7
-89.9401 -45.0978 26572.5
-89.9401 -45.0978 26093
-89.9401 -45.0978 26967.9
-89.9401 -45.0978 26044.9
-89.9401 -45.0978 27036
-89.9401 -45.0978 26774.4
-89.9401 -45.0978 26735.7
-89.9401 -45.0978 26853.8
-89.9401 -45.0978 27238.6
-89.9401 -45.0978 27484.6
-89.9401 -45.0478 26513.7
-89.9401 -45.0478 26780.3
-89.9401 -45.0478 26581.6
-89.9401 -45.0478 26412.1
-89.9401 -45.0478 26880.4
-89.9401 -45.0478 26203.4
-89.9401 -45.0478 26403.4
-89.9401 -45.0478 26708.1
-89.9401 -45.0478 26098
-89.9401 -45.0478 27193.6
-89.9401 -44.9978 27540.6
-89.9401 -44.9978 26828
-89.9401 -44.9978 26464.2
-89.9401 -44.9978 27564.4
-89.9401 -44.9978 28290
-89.9401 -44.9978 27261
-89.9401 -44.9978 27461.8
-89.9401 -44.9978 27226.1
-89.9401 -44.9978 26678
-89.9401 -44.9978 27258.5
-89.9401 -44.9478 27745
-89.9401 -44.9478 27675.8
-89.9401 -44.9478 27621.6
-89.9401 -44.9478 27098.5
-89.9401 -44.9478 26439.5
-89.9401 -44.9478 25968.9
-89.9401 -44.9478 26838.7
-89.9401 -44.9478 26528.7
-89.9401 -44.9478 27080.3
-89.9401 -44.9478 27307.7
-89.9401 -44.8978 27199.4
-89.9401 -44.8978 26287.6
-89.9401 -44.8978 27606.8
-89.9401 -44.8978 27279.9
-89.9401 -44.8978 28565.1
-89.9401 -44.8978 27937.1
-89.9401 -44.8978 26837.7
-89.9401 -44.8978 26793.4
-89.9401 -44.8978 26636.1
-89.9401 -44.8978 27160.7
-89.9401 -44.8478 27922.7
-89.9401 -44.8478 26941.5
-89.9401 -44.8478 27211.9
-89.9401 -44.8478 27896.8
-89.9401 -44.8478 27806.6
-89.9401 -44.8478 26840.7
-89.9401 -44.8478 26132.1
-89.9401 -44.8478 28435.7
-89.9401 -44.8478 27709.7
-89.9401 -44.8478 27285.4
-89.9401 -44.7978 27970
-89.9401 -44.7978 27475
-89.9401 -44.7978 26910.8
-89.9401 -44.7978 27293.6
-89.9401 -44.7978 27356.9
-89.9401 -44.7978 27726.1
-89.9401 -44.7978 27666.9
-89.9401 -44.7978 27046.4
-89.9401 -44.7978 27385.5
-89.9401 -44.7978 26796.2
-89.9401 -44.7478 27220
-89.9401 -44.7478 27004
-89.9401 -44.7478 26772.7
-89.9401 -44.7478 27005.8
-89.9401 -44.7478 27462
-89.9401 -44.7478 28392.7
-89.9401 -44.7478 27014.1
-89.9401 -44.7478 26828.1
-89.9401 -44.7478 27301.6
-89.9401 -44.7478 26566.2
-89.9401 -44.6978 27772.5
-89.9401 -44.6978 27235.6
-89.9401 -44.6978 27690.8
-89.9401 -44.6978 26848
-89.9401 -44.6978 27312.6
-89.9401 -44.6978 28569.5
-89.9401 -44.6978 27829
-89.9401 -44.6978 27609.1
-89.9401 -44.6978 26518.6
-89.9401 -44.6978 27636.9
-89.9401 -44.6478 26270.7
-89.9401 -44.6478 26994.3
-89.9401 -44.6478 27391.9
-89.9401 -44.6478 27199.1
-89.9401 -44.6478 27024.9
-89.9401 -44.6478 27236.5
-89.9401 -44.6478 27080.9
-89.9401 -44.6478 27385.8
-89.9401 -44.6478 27137.3
-89.9401 -44.6478 27634.5
-89.9401 -44.5978 27667.8
-89.9401 -44.5978 27714.2
-89.9401 -44.5978 26412.2
-89.9401 -44.5978 27586.9
-89.9401 -44.5978 27015.6
-89.9401 -44.5978 25842
-89.9401 -44.5978 27471.7
-89.9401 -44.5978 27335.8
-89.9401 -44.5978 28420.4
-89.9401 -44.5978 27049.6
-89.9401 -44.5478 27663.9
-89.9401 -44.5478 27081.9
-89.9401 -44.5478 27238.2
-89.9401 -44.5478 28092.4
-89.9401 -44.5478 26697
-89.9401 -44.5478 26689.2
-89.9401 -44.5478 27674.6
-89.9401 -44.5478 27499.1
-89.9401 -44.5478 27143.1
-89.9401 -44.5478 27313.6
-89.9401 -44.4978 27407.8
-89.9401 -44.4978 27970.1
-89.9401 -44.4978 26435
-89.9401 -44.4978 27855.4
-89.9401 -44.4978 27802.6
-89.9401 -44.4978 27682.9
-89.9401 -44.4978 27802.7
-89.9401 -44.4978 26769.6
-89.9401 -44.4978 27120.7
-89.9401 -44.4978 27705.7
-89.9401 -44.4478 27410.4
-89.9401 -44.4478 26679.9
-89.9401 -44.4478 26776.9
-89.9401 -44.4478 26329
-89.9401 -44.4478 27028.4
-89.9401 -44.4478 27188.8
-89.9401 -44.4478 26550.3
-89.9401 -44.4478 26702.4
-89.9401 -44.4478 27541.5
-89.9401 -44.4478 27013.6
-89.9401 -44.3978 27147.6
-89.9401 -44.3978 27686.9
-89.9401 -44.3978 27287.4
-89.9401 -44.3978 28686.8
-89.9401 -44.3978 27005.4
-89.9401 -44.3978 27005.7
-89.9401 -44.3978 27493.4
-89.9401 -44.3978 27326.2
-89.9401 -44.3978 26467.5
-89.9401 -44.3978 26698.2
-89.9401 -44.3478 27480.2
-89.9401 -44.3478 27342.8
-89.9401 -44.3478 27683
-89.9401 -44.3478 27626.7
-89.9401 -44.3478 27486.4
-89.9401 -44.3478 27364.2
-89.9401 -44.3478 27390.2
-89.9401 -44.3478 27374.7
-89.9401 -44.3478 27201.1
-89.9401 -44.3478 27102.2
-89.9401 -44.2978 27375.2
-89.9401 -44.2978 28147.6
-89.9401 -44.2978 26574.7
-89.9401 -44.2978 26717
-89.9401 -44.2978 27480.6
-89.9401 -44.2978 26194
-89.9401 -44.2978 26974.6
-89.9401 -44.2978 27301.9
-89.9401 -44.2978 27473.9
-89.9401 -44.2978 27400.8
-89.9401 -44.2478 26544
-89.9401 -44.2478 27022.2
-89.9401 -44.2478 28288.1
-89.9401 -44.2478 26773.5
-89.9401 -44.2478 27846.3
-89.9401 -44.2478 26403
-89.9401 -44.2478 27885.8
-89.9401 -44.2478 27491.2
-89.9401 -44.2478 26463.3
-89.9401 -44.2478 26998.3
-89.9401 -44.1978 27602.6
-89.9401 -44.1978 27426.2
-89.9401 -44.1978 26324.6
-89.9401 -44.1978 26959.7
-89.9401 -44.1978 26139.1
-89.9401 -44.1978 26359.8
-89.9401 -44.1978 26613.6
-89.9401 -44.1978 26799.5
-89.9401 -44.1978 26849.1
-89.9401 -44.1978 27278.8
-89.9401 -44.1478 27438.5
-89.9401 -44.1478 27103
-89.9401 -44.1478 26759.9
-89.9401 -44.1478 27552.1
-89.9401 -44.1478 27727.9
-89.9401 -44.1478 27306.7
-89.9401 -44.1478 26161.1
-89.9401 -44.1478 26435.2
-89.9401 -44.1478 26911.3
-89.9401 -44.1478 26962.6
-89.9401 -44.0978 26756.8
-89.9401 -44.0978 27005.8
-89.9401 -44.0978 26665.9
-89.9401 -44.0978 27019.9
-89.9401 -44.0978 25411
-89.9401 -44.0978 27136.7
-89.9401 -44.0978 26079.6
-89.9401 -44.0978 26546.2
-89.9401 -44.0978 26614.5
-89.9401 -44.0978 25894.4
-89.9401 -44.0478 25863.8
-89.9401 -44.0478 25665.5
-89.9401 -44.0478 27070.9
-89.9401 -44.0478 26133.3
-89.9401 -44.0478 27238.8
-89.9401 -44.0478 25799.4
-89.9401 -44.0478 25526.8
-89.9401 -44.0478 25510.8
-89.9401 -44.0478 25618.8
-89.9401 -44.0478 26284.9
-89.9401 -43.9978 25568.1
-89.9401 -43.9978 25183
-89.9401 -43.9978 24965.1
-89.9401 -43.9978 25533.3
-89.9401 -43.9978 24446.3
-89.9401 -43.9978 24891.2
-89.9401 -43.9978 25426.8
-89.9401 -43.9978 25317.1
-89.9401 -43.9978 25018.2
-89.9401 -43.9978 25643.1
-89.9401 -43.9478 24758.1
-89.9401 -43.9478 24941.3
-89.9401 -43.9478 24272.1
-89.9401 -43.9478 24103.7
-89.9401 -43.9478 23949.3
-89.9401 -43.9478 23511.4
-89.9401 -43.9478 23809.1
-89.9401 -43.9478 23243.7
-89.9401 -43.9478 23416.4
-89.9401 -43.9478 24315.6
-89.9401 -43.8978 23691.3
-89.9401 -43.8978 22274.3
-89.9401 -43.8978 21572.4
-89.9401 -43.8978 22625.8
-89.9401 -43.8978 21950.7
-89.9401 -43.8978 21781.7
-89.9401 -43.8978 23528.3
-89.9401 -43.8978 22271.4
-89.9401 -43.8978 21539.6
-89.9401 -43.8978 21848.3
-89.9401 -43.8478 20619.1
-89.9401 -43.8478 20316.7
-89.9401 -43.8478 20340.6
-89.9401 -43.8478 19367.1
-89.9401 -43.8478 20608.7
-89.9401 -43.8478 19630.4
-89.9401 -43.8478 20298.7
-89.9401 -43.8478 19569.3
-89.9401 -43.8478 20589.3
-89.9401 -43.8478 19893.6
-89.9401 -43.7978 17377.7
-89.9401 -43.7978 17324.5
-89.9401 -43.7978 16900.1
-89.9401 -43.7978 16767.1
-89.9401 -43.7978 17748.5
-89.9401 -43.7978 17713.1
-89.9401 -43.7978 17356.7
-89.9401 -43.7978 17438.7
-89.9401 -43.7978 17753.9
-89.9401 -43.7978 16513.3
-89.9401 -43.7478 14015.4
-89.9401 -43.7478 14901.6
-89.9401 -43.7478 14267.8
-89.9401 -43.7478 14978.3
-89.9401 -43.7478 14784.2
-89.9401 -43.7478 14926.3
-89.9401 -43.7478 14690.1
-89.9401 -43.7478 14411.1
-89.9401 -43.7478 13875.1
-89.9401 -43.7478 14649
-89.9401 -43.6978 11323.1
-89.9401 -43.6978 11376.1
-89.9401 -43.6978 11818.5
-89.9401 -43.6978 11234.2
-89.9401 -43.6978 11806.7
-89.9401 -43.6978 11218.2
-89.9401 -43.6978 11697.1
-89.9401 -43.6978 11853.4
-89.9401 -43.6978 11989
-89.9401 -43.6978 11160.8
-89.9401 -43.6478 9004.5
-89.9401 -43.6478 8880.48
-89.9401 -43.6478 9138.09
-89.9401 -43.6478 9088.75
-89.9401 -43.6478 9586.83
-89.9401 -43.6478 9303.55
-89.9401 -43.6478 9749.54
-89.9401 -43.6478 9158.53
-89.9401 -43.6478 8652.6
-89.9401 -43.6478 9244.08
-89.9401 -43.5978 7085.71
-89.9401 -43.5978 6664.57
-89.9401 -43.5978 7437.23
-89.9401 -43.5978 7161.05
-89.9401 -43.5978 7091.53
-89.9401 -43.5978 6752.26
-89.9401 -43.5978 6845.53
-89.9401 -43.5978 7005.37
-89.9401 -43.5978 7283.01
-89.9401 -43.5978 7212.69
-89.9401 -43.5478 4872.68
-89.9401 -43.5478 5096.66
-89.9401 -43.5478 5258.15
-89.9401 -43.5478 5035.39
-89.9401 -43.5478 5158.49
-89.9401 -43.5478 5516.34
-89.9401 -43.5478 4981.04
-89.9401 -43.5478 5595.49
-89.9401 -43.5478 5125.28
-89.9401 -43.5478 5147.06
-89.9401 -43.4978 3849.75
-89.9401 -43.4978 3409.11
-89.9401 -43.4978 3984.32
-89.9401 -43.4978 3743.5
-89.9401 -43.4978 4084.26
-89.9401 -43.4978 3700.11
-89.9401 -43.4978 3924.58
-89.9401 -43.4978 3589.6
-89.9401 -43.4978 3214.25
-89.9401 -43.4978 3947.32
-89.9401 -43.4478 2756.1
-89.9401 -43.4478 3165.13
-89.9401 -43.4478 2999.31
-89.9401 -43.4478 2986.42
-89.9401 -43.4478 3154.86
-89.9401 -43.4478 3100.9
-89.9401 -43.4478 3004.71
-89.9401 -43.4478 3054.85
-89.9401 -43.4478 3086.67
-89.9401 -43.4478 3080.6
-89.9401 -43.3978 2340.3
-89.9401 -43.3978 2266.51
-89.9401 -43.3978 2269.32
-89.9401 -43.3978 2310.37
-89.9401 -43.3978 2518.91
-89.9401 -43.3978 2505.94
-89.9401 -43.3978 2636.45
-89.9401 -43.3978 2489.38
-89.9401 -43.3978 2395.48
-89.9401 -43.3978 2303.03
-89.9401 -43.3478 1794.18
-89.9401 -43.3478 2016.18
-89.9401 -43.3478 2119
-89.9401 -43.3478 2127.67
-89.9401 -43.3478 1873.53
-89.9401 -43.3478 1823.5
-89.9401 -43.3478 2023.7
-89.9401 -43.3478 1768.53
-89.9401 -43.3478 2131.69
-89.9401 -43.3478 1753.06
-89.9401 -43.2978 1719.2
-89.9401 -43.2978 1588.28
-89.9401 -43.2978 1445.18
-89.9401 -43.2978 1811.72
-89.9401 -43.2978 1721.14
-89.9401 -43.2978 1693.37
-89.9401 -43.2978 1580.42
-89.9401 -43.2978 1620.68
-89.9401 -43.2978 1602.89
-89.9401 -43.2978 1708.58
-89.9401 -43.2478 1672.86
-89.9401 -43.2478 1639.96
-89.9401 -43.2478 1472.13
-89.9401 -43.2478 1775.42
-89.9401 -43.2478 1678.75
-89.9401 -43.2478 1654.59
-89.9401 -43.2478 1638.53
-89.9401 -43.2478 1393.62
-89.9401 -43.2478 1465.07
-89.9401 -43.2478 1433.57
-89.9401 -43.1978 1594.03
-89.9401 -43.1978 1482.31
-89.9401 -43.1978 1447.82
-89.9401 -43.1978 1201.08
-89.9401 -43.1978 1590.86
-89.9401 -43.1978 1840.38
-89.9401 -43.1978 1606.71
-89.9401 -43.1978 1391.62
-89.9401 -43.1978 1576.15
-89.9401 -43.1978 1459.36
-89.9401 -43.1478 1532.42
-89.9401 -43.1478 1444.8
-89.9401 -43.1478 1424.6
-89.9401 -43.1478 1583.16
-89.9401 -43.1478 1414.49
-89.9401 -43.1478 1418.18
-89.9401 -43.1478 1536.25
-89.9401 -43.1478 1464.37
-89.9401 -43.1478 1543.34
-89.9401 -43.1478 1439.22
-89.9401 -43.0978 1294.79
-89.9401 -43.0978 1379.34
-89.9401 -43.0978 1518.78
-89.9401 -43.0978 1222.69
-89.9401 -43.0978 1420.82
-89.9401 -43.0978 1521.51
-89.9401 -43.0978 1556.63
-89.9401 -43.0978 1422.3
-89.9401 -43.0978 1498.14
-89.9401 -43.0978 1451.8
-89.9401 -43.0478 1449.33
-89.9401 -43.0478 1514.3
-89.9401 -43.0478 1436
-89.9401 -43.0478 1411.92
-89.9401 -43.0478 1453.5
-89.9401 -43.0478 1324.25
-89.9401 -43.0478 1462.97
-89.9401 -43.0478 1340.55
-89.9401 -43.0478 1345.12
-89.9401 -43.0478 1362.69
-89.9401 -42.9978 1392.16
-89.9401 -42.9978 1538.99
-89.9401 -42.9978 1449.14
-89.9401 -42.9978 1193.41
-89.9401 -42.9978 1301.65
-89.9401 -42.9978 1644.17
-89.9401 -42.9978 1492.97
-89.9401 -42.9978 1428.82
-89.9401 -42.9978 1315.56
-89.9401 -42.9978 1409.92
-89.9401 -42.9478 1521.77
-89.9401 -42.9478 1355.52
-89.9401 -42.9478 1329.31
-89.9401 -42.9478 1363.75
-89.9401 -42.9478 1435.21
-89.9401 -42.9478 1435.46
-89.9401 -42.9478 1313.26
-89.9401 -42.9478 1477.46
-89.9401 -42.9478 1392.23
-89.9401 -42.9478 1405.73
-89.9401 -42.8978 1463.51
-89.9401 -42.8978 1553.13
-89.9401 -42.8978 1339.37
-89.9401 -42.8978 1609.49
-89.9401 -42.8978 1328.09
-89.9401 -42.8978 1363.11
-89.9401 -42.8978 1319.33
-89.9401 -42.8978 1412.34
-89.9401 -42.8978 1355.09
-89.9401 -42.8978 1376.92
-89.9401 -42.8478 1219.94
-89.9401 -42.8478 1586.55
-89.9401 -42.8478 1290.2
-89.9401 -42.8478 1272.97
-89.9401 -42.8478 1283.77
-89.9401 -42.8478 1476.9
-89.9401 -42.8478 1484.85
-89.9401 -42.8478 1291.18
-89.9401 -42.8478 1443.29
-89.9401 -42.8478 1563.71
-89.9401 -42.7978 1527.55
-89.9401 -42.7978 1618.35
-89.9401 -42.7978 1478.03
-89.9401 -42.7978 1397.53
-89.9401 -42.7978 1320.82
-89.9401 -42.7978 1352.12
-89.9401 -42.7978 1345.94
-89.9401 -42.7978 1390.55
-89.9401 -42.7978 1140.65
-89.9401 -42.7978 1289.27
-89.9401 -42.7478 1326.39
-89.9401 -42.7478 1321.38
-89.9401 -42.7478 1291.08
-89.9401 -42.7478 1385.03
-89.9401 -42.7478 1389.55
-89.9401 -42.7478 1487.22
-89.9401 -42.7478 1226.71
-89.9401 -42.7478 1628.15
-89.9401 -42.7478 1186.86
-89.9401 -42.7478 1379.39
-89.9401 -42.6978 1341.52
-89.9401 -42.6978 1415.44
-89.9401 -42.6978 1392.3
-89.9401 -42.6978 1310.12
-89.9401 -42.6978 1378.48
-89.9401 -42.6978 1570.41
-89.9401 -42.6978 1439.67
-89.9401 -42.6978 1257.69
-89.9401 -42.6978 1325.97
-89.9401 -42.6978 1366.87
-89.9401 -42.6478 1224.22
-89.9401 -42.6478 1342.48
-89.9401 -42.6478 1323.57
-89.9401 -42.6478 1443.33
-89.9401 -42.6478 1167.51
-89.9401 -42.6478 1424.08
-89.9401 -42.6478 1368.93
-89.9401 -42.6478 1279.2
-89.9401 -42.6478 1470.94
-89.9401 -42.6478 1472.4
-89.9401 -42.5978 1247.27
-89.9401 -42.5978 1326.09
-89.9401 -42.5978 1300.9
-89.9401 -42.5978 1489.51
-89.9401 -42.5978 1297.84
-89.9401 -42.5978 1220.46
-89.9401 -42.5978 1397.67
-89.9401 -42.5978 1357.15
-89.9401 -42.5978 1281.97
-89.9401 -42.5978 1587.18
-89.9401 -42.5478 1421.42
-89.9401 -42.5478 1471.41
-89.9401 -42.5478 1582.02
-89.9401 -42.5478 1503.28
-89.9401 -42.5478 1257
-89.9401 -42.5478 1476.57
-89.9401 -42.5478 1157.37
-89.9401 -42.5478 1438.64
-89.9401 -42.5478 1605.59
-89.9401 -42.5478 1589.89
-89.9401 -42.4978 1438.96
-89.9401 -42.4978 1399.48
-89.9401 -42.4978 1355.28
-89.9401 -42.4978 1618.07
-89.9401 -42.4978 1459.46
-89.9401 -42.4978 1505.35
-89.9401 -42.4978 1586.16
-89.9401 -42.4978 1503.54
-89.9401 -42.4978 1559.84
-89.9401 -42.4978 1356.57
-89.9401 -42.4478 1341.79
-89.9401 -42.4478 1361.67
-89.9401 -42.4478 1525.59
-89.9401 -42.4478 1437.49
-89.9401 -42.4478 1379.53
-89.9401 -42.4478 1418.99
-89.9401 -42.4478 1461.22
-89.9401 -42.4478 1481.96
-89.9401 -42.4478 1339.66
-89.9401 -42.4478 1199.8
-89.9401 -42.3978 1546.06
-89.9401 -42.3978 1464.86
-89.9401 -42.3978 1469.63
-89.9401 -42.3978 1308.44
-89.9401 -42.3978 1549.77
-89.9401 -42.3978 1495.42
-89.9401 -42.3978 1472.03
-89.9401 -42.3978 1415.5
-89.9401 -42.3978 1287.07
-89.9401 -42.3978 1344.16
-89.9401 -42.3478 1216.93
-89.9401 -42.3478 1404.24
-89.9401 -42.3478 1339.84
-89.9401 -42.3478 1246.34
-89.9401 -42.3478 1363.94
-89.9401 -42.3478 1511.72
-89.9401 -42.3478 1250.08
-89.9401 -42.3478 1452.71
-89.9401 -42.3478 1645.34
-89.9401 -42.3478 1594.15
-89.9401 -42.2978 1396.51
-89.9401 -42.2978 1466.96
-89.9401 -42.2978 1258.67
-89.9401 -42.2978 1549.6
-89.9401 -42.2978 1237.53
-89.9401 -42.2978 1258.19
-89.9401 -42.2978 1337.65
-89.9401 -42.2978 1310.88
-89.9401 -42.2978 1354.1
-89.9401 -42.2978 1461.08
-89.9401 -42.2478 1401.63
-89.9401 -42.2478 1392.9
-89.9401 -42.2478 1291.17
-89.9401 -42.2478 1333.44
-89.9401 -42.2478 1365.16
-89.9401 -42.2478 1412.22
-89.9401 -42.2478 1512.19
-89.9401 -42.2478 1425.81
-89.9401 -42.2478 1444.16
-89.9401 -42.2478 1220.3
