-92.9401 -45.9978 1420.4
-92.9401 -45.9978 1490.66
-92.9401 -45.9978 1120.78
-92.9401 -45.9978 1335.81
-92.9401 -45.9978 1373.88
-92.9401 -45.9978 1555.41
-92.9401 -45.9978 1415.22
-92.9401 -45.9978 1307.84
-92.9401 -45.9978 1454.41
-92.9401 -45.9978 1526.79
-92.8901 -45.9978 1450.18
-92.8901 -45.9978 1344.17
-92.8901 -45.9978 1391.19
-92.8901 -45.9978 1365.23
-92.8901 -45.9978 1101.81
-92.8901 -45.9978 1433.26
-92.8901 -45.9978 1316.29
-92.8901 -45.9978 1244.47
-92.8901 -45.9978 1350.7
-92.8901 -45.9978 1541.9
-92.8401 -45.9978 1579.41
-92.8401 -45.9978 1216.83
-92.8401 -45.9978 1426.31
-92.8401 -45.9978 1479.98
-92.8401 -45.9978 1406.48
-92.8401 -45.9978 1444.95
-92.8401 -45.9978 1220.14
-92.8401 -45.9978 1561.85
-92.8401 -45.9978 1369.25
-92.8401 -45.9978 1309.06
-92.7901 -45.9978 1556.26
-92.7901 -45.9978 1463.35
-92.7901 -45.9978 1316.21
-92.7901 -45.9978 1284.39
-92.7901 -45.9978 1216.08
-92.7901 -45.9978 1302.64
-92.7901 -45.9978 1525.72
-92.7901 -45.9978 1305.12
-92.7901 -45.9978 1208.64
-92.7901 -45.9978 1496.84
-92.7401 -45.9978 1316.71
-92.7401 -45.9978 1161.12
-92.7401 -45.9978 1541.15
-92.7401 -45.9978 1403.78
-92.7401 -45.9978 1456.13
-92.7401 -45.9978 1372.28
-92.7401 -45.9978 1204.5
-92.7401 -45.9978 1387.86
-92.7401 -45.9978 1583.44
-92.7401 -45.9978 1748.88
-92.6901 -45.9978 1549.25
-92.6901 -45.9978 1336.77
-92.6901 -45.9978 1242.81
-92.6901 -45.9978 1407.03
-92.6901 -45.9978 1441.21
-92.6901 -45.9978 1568.44
-92.6901 -45.9978 1378.72
-92.6901 -45.9978 1372.76
-92.6901 -45.9978 1528.1
-92.6901 -45.9978 1346.92
-92.6401 -45.9978 1409.85
-92.6401 -45.9978 1335.33
-92.6401 -45.9978 1682.26
-92.6401 -45.9978 1482.81
-92.6401 -45.9978 1435.32
-92.6401 -45.9978 1558.1
-92.6401 -45.9978 1384.11
-92.6401 -45.9978 1517.53
-92.6401 -45.9978 1396.87
-92.6401 -45.9978 1443.4
-92.5901 -45.9978 1289.35
-92.5901 -45.9978 1344.83
-92.5901 -45.9978 1426.73
-92.5901 -45.9978 1421.01
-92.5901 -45.9978 1097.49
-92.5901 -45.9978 1400.53
-92.5901 -45.9978 1246.39
-92.5901 -45.9978 1278
-92.5901 -45.9978 1412.7
-92.5901 -45.9978 1475.99
-92.5401 -45.9978 1389.62
-92.5401 -45.9978 1424.87
-92.5401 -45.9978 1499.53
-92.5401 -45.9978 1379.8
-92.5401 -45.9978 1328.39
-92.5401 -45.9978 1502.68
-92.5401 -45.9978 1274.71
-92.5401 -45.9978 1400.26
-92.5401 -45.9978 1408.12
-92.5401 -45.9978 1457.84
-92.4901 -45.9978 1474.12
-92.4901 -45.9978 1444.02
-92.4901 -45.9978 1410.64
-92.4901 -45.9978 1430.32
-92.4901 -45.9978 1271.76
-92.4901 -45.9978 1569.81
-92.4901 -45.9978 1288.46
-92.4901 -45.9978 1460.06
-92.4901 -45.9978 1418.52
-92.4901 -45.9978 1310.63
-92.4401 -45.9978 1409.75
-92.4401 -45.9978 1237.95
-92.4401 -45.9978 1357.58
-92.4401 -45.9978 1312.52
-92.4401 -45.9978 1369.96
-92.4401 -45.9978 1191.32
-92.4401 -45.9978 1392.56
-92.4401 -45.9978 1430.99
-92.4401 -45.9978 1648.58
-92.4401 -45.9978 1410.27
-92.3901 -45.9978 1441.7
-92.3901 -45.9978 1310.55
-92.3901 -45.9978 1345.07
-92.3901 -45.9978 1111.62
-92.3901 -45.9978 1500.78
-92.3901 -45.9978 1353.11
-92.3901 -45.9978 1392.48
-92.3901 -45.9978 1468.57
-92.3901 -45.9978 1358.04
-92.3901 -45.9978 1328
-92.3401 -45.9978 1274.62
-92.3401 -45.9978 1592.02
-92.3401 -45.9978 1327.85
-92.3401 -45.9978 1379.95
-92.3401 -45.9978 1505.72
-92.3401 -45.9978 1422.16
-92.3401 -45.9978 1594.05
-92.3401 -45.9978 1106.4
-92.3401 -45.9978 1213.64
-92.3401 -45.9978 1375.8
-92.2901 -45.9978 1259.12
-92.2901 -45.9978 1508.43
-92.2901 -45.9978 1484.36
-92.2901 -45.9978 1558.56
-92.2901 -45.9978 1043.87
-92.2901 -45.9978 1369.26
-92.2901 -45.9978 1510.45
-92.2901 -45.9978 1327.52
-92.2901 -45.9978 1239.19
-92.2901 -45.9978 1532.94
-92.2401 -45.9978 1517.48
-92.2401 -45.9978 1210.94
-92.2401 -45.9978 1538.83
-92.2401 -45.9978 1341.07
-92.2401 -45.9978 1339.07
-92.2401 -45.9978 1462.63
-92.2401 -45.9978 1480.13
-92.2401 -45.9978 1090.55
-92.2401 -45.9978 1497.26
-92.2401 -45.9978 1421.35
-92.1901 -45.9978 1370.64
-92.1901 -45.9978 1296.17
-92.1901 -45.9978 1245.6
-92.1901 -45.9978 1467.16
-92.1901 -45.9978 1530.76
-92.1901 -45.9978 1551.69
-92.1901 -45.9978 1519.18
-92.1901 -45.9978 1444.76
-92.1901 -45.9978 1344.92
-92.1901 -45.9978 1349.61
-92.1401 -45.9978 1503.25
-92.1401 -45.9978 1277.33
-92.1401 -45.9978 1558.91
-92.1401 -45.9978 1374.22
-92.1401 -45.9978 1267.56
-92.1401 -45.9978 1479.65
-92.1401 -45.9978 1333.06
-92.1401 -45.9978 1584.86
-92.1401 -45.9978 1558.8
-92.1401 -45.9978 1661.12
-92.0901 -45.9978 1420.77
-92.0901 -45.9978 1422.96
-92.0901 -45.9978 1469.73
-92.0901 -45.9978 1435.24
-92.0901 -45.9978 0
-92.0901 -45.9978 1356.87
-92.0901 -45.9978 1363.35
-92.0901 -45.9978 1559.63
-92.0901 -45.9978 1474.13
-92.0901 -45.9978 1290.67
-92.0401 -45.9978 1491.08
-92.0401 -45.9978 1476.28
-92.0401 -45.9978 1363.89
-92.0401 -45.9978 1485.06
-92.0401 -45.9978 1361.17
-92.0401 -45.9978 1465.41
-92.0401 -45.9978 1418.14
-92.0401 -45.9978 1679.45
-92.0401 -45.9978 1602
-92.0401 -45.9978 1515.41
-91.9901 -45.9978 1661.72
-91.9901 -45.9978 1566.35
-91.9901 -45.9978 1536.9
-91.9901 -45.9978 1669.62
-91.9901 -45.9978 1438.44
-91.9901 -45.9978 1714.38
-91.9901 -45.9978 1592.06
-91.9901 -45.9978 1411.88
-91.9901 -45.9978 1473.38
-91.9901 -45.9978 1573.8
-91.9401 -45.9978 1781.38
-91.9401 -45.9978 1858.18
-91.9401 -45.9978 1371.43
-91.9401 -45.9978 1585.91
-91.9401 -45.9978 1666.96
-91.9401 -45.9978 1585.27
-91.9401 -45.9978 1703.42
-91.9401 -45.9978 1715.94
-91.9401 -45.9978 1659.26
-91.9401 -45.9978 1563.65
-91.8901 -45.9978 1764.83
-91.8901 -45.9978 1942.88
-91.8901 -45.9978 1791.23
-91.8901 -45.9978 1824.91
-91.8901 -45.9978 1780.84
-91.8901 -45.9978 1843.86
-91.8901 -45.9978 1515.13
-91.8901 -45.9978 2018.94
-91.8901 -45.9978 1949.75
-91.8901 -45.9978 1891.11
-91.8401 -45.9978 2084.87
-91.8401 -45.9978 1989.08
-91.8401 -45.9978 2233.33
-91.8401 -45.9978 1989.39
-91.8401 -45.9978 1993.39
-91.8401 -45.9978 2166.46
-91.8401 -45.9978 2185.41
-91.8401 -45.9978 2118.84
-91.8401 -45.9978 2042.83
-91.8401 -45.9978 2083.36
-91.7901 -45.9978 2896.48
-91.7901 -45.9978 2366.79
-91.7901 -45.9978 2514.84
-91.7901 -45.9978 3259.34
-91.7901 -45.9978 2789.82
-91.7901 -45.9978 2421.59
-91.7901 -45.9978 2288.03
-91.7901 -45.9978 2390.47
-91.7901 -45.9978 2575.8
-91.7901 -45.9978 2645.35
-91.7401 -45.9978 3576.23
-91.7401 -45.9978 3136.91
-91.7401 -45.9978 3058.4
-91.7401 -45.9978 3604.05
-91.7401 -45.9978 2964.62
-91.7401 -45.9978 3629.53
-91.7401 -45.9978 3005.81
-91.7401 -45.9978 3471.19
-91.7401 -45.9978 3314.45
-91.7401 -45.9978 3249.54
-91.6901 -45.9978 4041.51
-91.6901 -45.9978 3898.95
-91.6901 -45.9978 3836.27
-91.6901 -45.9978 4502.02
-91.6901 -45.9978 4151.71
-91.6901 -45.9978 4226.09
-91.6901 -45.9978 4316.84
-91.6901 -45.9978 4120.54
-91.6901 -45.9978 4354.16
-91.6901 -45.9978 4334.94
-91.6401 -45.9978 4958.72
-91.6401 -45.9978 5160.6
-91.6401 -45.9978 5109.6
-91.6401 -45.9978 5113.62
-91.6401 -45.9978 5055.68
-91.6401 -45.9978 5441.28
-91.6401 -45.9978 5010.61
-91.6401 -45.9978 5032.29
-91.6401 -45.9978 5558.81
-91.6401 -45.9978 5104.81
-91.5901 -45.9978 7226.37
-91.5901 -45.9978 6733.88
-91.5901 -45.9978 6866.35
-91.5901 -45.9978 6814.14
-91.5901 -45.9978 6526.56
-91.5901 -45.9978 7236.79
-91.5901 -45.9978 6567.22
-91.5901 -45.9978 7278.84
-91.5901 -45.9978 7313.48
-91.5901 -45.9978 6935.04
-91.5401 -45.9978 9357.78
-91.5401 -45.9978 9663.54
-91.5401 -45.9978 9466.46
-91.5401 -45.9978 9884.91
-91.5401 -45.9978 9621.75
-91.5401 -45.9978 9256.61
-91.5401 -45.9978 9610.19
-91.5401 -45.9978 9162.68
-91.5401 -45.9978 8883.95
-91.5401 -45.9978 9752.11
-91.4901 -45.9978 12340.2
-91.4901 -45.9978 12034.3
-91.4901 -45.9978 11758.3
-91.4901 -45.9978 12382.6
-91.4901 -45.9978 12864.8
-91.4901 -45.9978 12397.3
-91.4901 -45.9978 12110.4
-91.4901 -45.9978 12600
-91.4901 -45.9978 12028.7
-91.4901 -45.9978 11986.8
-91.4401 -45.9978 14286.3
-91.4401 -45.9978 14587.7
-91.4401 -45.9978 15368.5
-91.4401 -45.9978 15103.9
-91.4401 -45.9978 15147.5
-91.4401 -45.9978 14647.5
-91.4401 -45.9978 14858.8
-91.4401 -45.9978 15150.5
-91.4401 -45.9978 14957.6
-91.4401 -45.9978 14818.6
-91.3901 -45.9978 18132.6
-91.3901 -45.9978 17617.2
-91.3901 -45.9978 17914
-91.3901 -45.9978 18524.4
-91.3901 -45.9978 18284.4
-91.3901 -45.9978 17761.1
-91.3901 -45.9978 18117.2
-91.3901 -45.9978 18008.2
-91.3901 -45.9978 18664.1
-91.3901 -45.9978 17346.8
-91.3401 -45.9978 19959.6
-91.3401 -45.9978 20790.6
-91.3401 -45.9978 20307.6
-91.3401 -45.9978 20454.8
-91.3401 -45.9978 20087.5
-91.3401 -45.9978 20244.9
-91.3401 -45.9978 20257.1
-91.3401 -45.9978 20926.3
-91.3401 -45.9978 21103.9
-91.3401 -45.9978 20673.7
-91.2901 -45.9978 22953.2
-91.2901 -45.9978 22574.9
-91.2901 -45.9978 22656.8
-91.2901 -45.9978 22683.2
-91.2901 -45.9978 22089
-91.2901 -45.9978 23170.7
-91.2901 -45.9978 23869.5
-91.2901 -45.9978 21780.1
-91.2901 -45.9978 22999.4
-91.2901 -45.9978 22847.6
-91.2401 -45.9978 24265.2
-91.2401 -45.9978 23960.5
-91.2401 -45.9978 23936.8
-91.2401 -45.9978 24971.5
-91.2401 -45.9978 24191.6
-91.2401 -45.9978 24564.9
-91.2401 -45.9978 24717.5
-91.2401 -45.9978 24150.1
-91.2401 -45.9978 24403.2
-91.2401 -45.9978 25163.5
-91.1901 -45.9978 26084.7
-91.1901 -45.9978 25311.4
-91.1901 -45.9978 25321.5
-91.1901 -45.9978 25854.8
-91.1901 -45.9978 25273.8
-91.1901 -45.9978 26309.7
-91.1901 -45.9978 25250.3
-91.1901 -45.9978 25446.9
-91.1901 -45.9978 26512.6
-91.1901 -45.9978 24387.1
-91.1401 -45.9978 26128.6
-91.1401 -45.9978 25235.6
-91.1401 -45.9978 25445.2
-91.1401 -45.9978 27032.5
-91.1401 -45.9978 25757.3
-91.1401 -45.9978 25594.8
-91.1401 -45.9978 25338
-91.1401 -45.9978 25983.7
-91.1401 -45.9978 26089.4
-91.1401 -45.9978 25886.9
-91.0901 -45.9978 26880.9
-91.0901 -45.9978 27627.5
-91.0901 -45.9978 26238.4
-91.0901 -45.9978 25891.2
-91.0901 -45.9978 26387.7
-91.0901 -45.9978 25656.8
-91.0901 -45.9978 27466.2
-91.0901 -45.9978 27201.8
-91.0901 -45.9978 26426
-91.0901 -45.9978 27144.8
-91.0401 -45.9978 27140.5
-91.0401 -45.9978 26710.6
-91.0401 -45.9978 26938.2
-91.0401 -45.9978 26461.8
-91.0401 -45.9978 26367.3
-91.0401 -45.9978 26729
-91.0401 -45.9978 27965.4
-91.0401 -45.9978 27699.2
-91.0401 -45.9978 26658.1
-91.0401 -45.9978 26889.4
-90.9901 -45.9978 27197
-90.9901 -45.9978 26906.1
-90.9901 -45.9978 26377.5
-90.9901 -45.9978 28613.2
-90.9901 -45.9978 26275
-90.9901 -45.9978 26823.8
-90.9901 -45.9978 27880.2
-90.9901 -45.9978 27012.7
-90.9901 -45.9978 27501.9
-90.9901 -45.9978 27122.4
-90.9401 -45.9978 27080
-90.9401 -45.9978 27044.6
-90.9401 -45.9978 27198.6
-90.9401 -45.9978 27327.4
-90.9401 -45.9978 28549.5
-90.9401 -45.9978 27562.1
-90.9401 -45.9978 27431.4
-90.9401 -45.9978 26421.4
-90.9401 -45.9978 27498
-90.9401 -45.9978 27095.3
-90.8901 -45.9978 27954.6
-90.8901 -45.9978 28378.5
-90.8901 -45.9978 28160.7
-90.8901 -45.9978 27414.9
-90.8901 -45.9978 26874.9
-90.8901 -45.9978 27357.6
-90.8901 -45.9978 27297.5
-90.8901 -45.9978 27590.7
-90.8901 -45.9978 27333.5
-90.8901 -45.9978 27519.6
-90.8401 -45.9978 26826.3
-90.8401 -45.9978 26989
-90.8401 -45.9978 26966.4
-90.8401 -45.9978 27298.9
-90.8401 -45.9978 26484.8
-90.8401 -45.9978 28401.4
-90.8401 -45.9978 27001.6
-90.8401 -45.9978 27301.7
-90.8401 -45.9978 27160.1
-90.8401 -45.9978 27754.8
-90.7901 -45.9978 27845.5
-90.7901 -45.9978 27395.8
-90.7901 -45.9978 28171.1
-90.7901 -45.9978 28065.5
-90.7901 -45.9978 27812.7
-90.7901 -45.9978 27634.9
-90.7901 -45.9978 27729.9
-90.7901 -45.9978 26954.7
-90.7901 -45.9978 26269.1
-90.7901 -45.9978 28541
-90.7401 -45.9978 27114
-90.7401 -45.9978 27091.3
-90.7401 -45.9978 26901.2
-90.7401 -45.9978 27752.9
-90.7401 -45.9978 27667.7
-90.7401 -45.9978 27173.4
-90.7401 -45.9978 26582.4
-90.7401 -45.9978 28454
-90.7401 -45.9978 27684.6
-90.7401 -45.9978 27341.7
-90.6901 -45.9978 28050.4
-90.6901 -45.9978 26357.1
-90.6901 -45.9978 27179
-90.6901 -45.9978 27837.3
-90.6901 -45.9978 28088.4
-90.6901 -45.9978 27294.8
-90.6901 -45.9978 28019.9
-90.6901 -45.9978 28035.1
-90.6901 -45.9978 27636.2
-90.6901 -45.9978 26699.3
-90.6401 -45.9978 28377.8
-90.6401 -45.9978 27148.9
-90.6401 -45.9978 27000.7
-90.6401 -45.9978 26776
-90.6401 -45.9978 27030.5
-90.6401 -45.9978 27305.9
-90.6401 -45.9978 26720.8
-90.6401 -45.9978 27932.2
-90.6401 -45.9978 27297
-90.6401 -45.9978 26876.1
-90.5901 -45.9978 27687.2
-90.5901 -45.9978 27685.9
-90.5901 -45.9978 27581.8
-90.5901 -45.9978 27568.6
-90.5901 -45.9978 27175
-90.5901 -45.9978 26949.5
-90.5901 -45.9978 26702.7
-90.5901 -45.9978 27006.8
-90.5901 -45.9978 27511.7
-90.5901 -45.9978 27218.1
-90.5401 -45.9978 27206.5
-90.5401 -45.9978 27497.4
-90.5401 -45.9978 27769.4
-90.5401 -45.9978 27720.7
-90.5401 -45.9978 27211.1
-90.5401 -45.9978 28040.6
-90.5401 -45.9978 26517.2
-90.5401 -45.9978 27350.3
-90.5401 -45.9978 27944.8
-90.5401 -45.9978 26378.1
-90.4901 -45.9978 28048.5
-90.4901 -45.9978 27808.2
-90.4901 -45.9978 27604.6
-90.4901 -45.9978 28996.4
-90.4901 -45.9978 28057
-90.4901 -45.9978 27873.4
-90.4901 -45.9978 26400.1
-90.4901 -45.9978 27751
-90.4901 -45.9978 26992.6
-90.4901 -45.9978 28272.8
-90.4401 -45.9978 27822
-90.4401 -45.9978 27008.8
-90.4401 -45.9978 26784.5
-90.4401 -45.9978 27137.8
-90.4401 -45.9978 27212.8
-90.4401 -45.9978 27576.1
-90.4401 -45.9978 27658.4
-90.4401 -45.9978 28178.9
-90.4401 -45.9978 27390.2
-90.4401 -45.9978 28050.6
-90.3901 -45.9978 28153.1
-90.3901 -45.9978 27608.2
-90.3901 -45.9978 27467.5
-90.3901 -45.9978 27606.2
-90.3901 -45.9978 26891.2
-90.3901 -45.9978 27104.8
-90.3901 -45.9978 27354.2
-90.3901 -45.9978 27863.5
-90.3901 -45.9978 26668.1
-90.3901 -45.9978 27325.6
-90.3401 -45.9978 26346.7
-90.3401 -45.9978 27471.7
-90.3401 -45.9978 26891.6
-90.3401 -45.9978 27980.5
-90.3401 -45.9978 27206.1
-90.3401 -45.9978 26565.1
-90.3401 -45.9978 27776.5
-90.3401 -45.9978 29154
-90.3401 -45.9978 27826.5
-90.3401 -45.9978 27240.4
-90.2901 -45.9978 26998.8
-90.2901 -45.9978 27138.6
-90.2901 -45.9978 26940
-90.2901 -45.9978 27092.7
-90.2901 -45.9978 27070.7
-90.2901 -45.9978 26640.8
-90.2901 -45.9978 27548.2
-90.2901 -45.9978 27500.4
-90.2901 -45.9978 27103.9
-90.2901 -45.9978 28042.3
-90.2401 -45.9978 28462.7
-90.2401 -45.9978 27127
-90.2401 -45.9978 27198.1
-90.2401 -45.9978 27896.7
-90.2401 -45.9978 27115.7
-90.2401 -45.9978 28604.5
-90.2401 -45.9978 26991.2
-90.2401 -45.9978 27943.7
-90.2401 -45.9978 27612.5
-90.2401 -45.9978 27945.7
-90.1901 -45.9978 27239.3
-90.1901 -45.9978 26629.2
-90.1901 -45.9978 27033
-90.1901 -45.9978 28156.2
-90.1901 -45.9978 27200.2
-90.1901 -45.9978 28239.9
-90.1901 -45.9978 26522
-90.1901 -45.9978 27660.4
-90.1901 -45.9978 26871.8
-90.1901 -45.9978 28039.2
-90.1401 -45.9978 28454.4
-90.1401 -45.9978 27201.1
-90.1401 -45.9978 27782.4
-90.1401 -45.9978 26572.3
-90.1401 -45.9978 27222.9
-90.1401 -45.9978 27879.9
-90.1401 -45.9978 27162.4
-90.1401 -45.9978 27837.2
-90.1401 -45.9978 26649.7
-90.1401 -45.9978 28154
-90.0901 -45.9978 27513.4
-90.0901 -45.9978 27384.9
-90.0901 -45.9978 26570.9
-90.0901 -45.9978 27282.4
-90.0901 -45.9978 27327.1
-90.0901 -45.9978 27357.1
-90.0901 -45.9978 27092.7
-90.0901 -45.9978 27253.9
-90.0901 -45.9978 27304.9
-90.0901 -45.9978 27039
-90.0401 -45.9978 27485.6
-90.0401 -45.9978 26755.6
-90.0401 -45.9978 27868
-90.0401 -45.9978 27741.9
-90.0401 -45.9978 27672.5
-90.0401 -45.9978 27248.2
-90.0401 -45.9978 27543.1
-90.0401 -45.9978 28800.6
-90.0401 -45.9978 27210.1
-90.0401 -45.9978 26802.7
-89.9901 -45.9978 27716.9
-89.9901 -45.9978 27632.8
-89.9901 -45.9978 27062.1
-89.9901 -45.9978 27983.3
-89.9901 -45.9978 27782.7
-89.9901 -45.9978 28133
-89.9901 -45.9978 26430.7
-89.9901 -45.9978 28186.7
-89.9901 -45.9978 28260.1
-89.9901 -45.9978 27225.3
-89.9401 -45.9978 27834.4
-89.9401 -45.9978 26926.1
-89.9401 -45.9978 26133.1
-89.9401 -45.9978 27738.4
-89.9401 -45.9978 27911.7
-89.9401 -45.9978 27994.5
-89.9401 -45.9978 27965.4
-89.9401 -45.9978 27115.3
-89.9401 -45.9978 27521
-89.9401 -45.9978 27828.6
-89.8901 -45.9978 27770.8
-89.8901 -45.9978 27249.7
-89.8901 -45.9978 26526.6
-89.8901 -45.9978 27267.1
-89.8901 -45.9978 27716.6
-89.8901 -45.9978 27335.8
-89.8901 -45.9978 28083.6
-89.8901 -45.9978 27172.3
-89.8901 -45.9978 27314.7
-89.8901 -45.9978 26403.9
-89.8401 -45.9978 27718.3
-89.8401 -45.9978 26649.7
-89.8401 -45.9978 27402.4
-89.8401 -45.9978 27523.6
-89.8401 -45.9978 27392.2
-89.8401 -45.9978 27907.8
-89.8401 -45.9978 26326
-89.8401 -45.9978 26508.7
-89.8401 -45.9978 26459.1
-89.8401 -45.9978 26764.1
-89.7901 -45.9978 27186.9
-89.7901 -45.9978 26682.9
-89.7901 -45.9978 26129
-89.7901 -45.9978 28379.9
-89.7901 -45.9978 27000.3
-89.7901 -45.9978 27512.3
-89.7901 -45.9978 27590.2
-89.7901 -45.9978 26296.6
-89.7901 -45.9978 27859.1
-89.7901 -45.9978 28144.7
-89.7401 -45.9978 27341.2
-89.7401 -45.9978 27165.2
-89.7401 -45.9978 28053.9
-89.7401 -45.9978 27424
-89.7401 -45.9978 27708.7
-89.7401 -45.9978 27022.3
-89.7401 -45.9978 27364.3
-89.7401 -45.9978 28003.8
-89.7401 -45.9978 27292.9
-89.7401 -45.9978 27319.7
-89.6901 -45.9978 26632
-89.6901 -45.9978 27856.5
-89.6901 -45.9978 28364.2
-89.6901 -45.9978 27347.9
-89.6901 -45.9978 28190.5
-89.6901 -45.9978 26990
-89.6901 -45.9978 27468.6
-89.6901 -45.9978 26995.9
-89.6901 -45.9978 26996.6
-89.6901 -45.9978 27718.5
-89.6401 -45.9978 27237.1
-89.6401 -45.9978 27862.6
-89.6401 -45.9978 26950.1
-89.6401 -45.9978 28019.6
-89.6401 -45.9978 27230.9
-89.6401 -45.9978 27667.2
-89.6401 -45.9978 27225.1
-89.6401 -45.9978 27204.9
-89.6401 -45.9978 27356.1
-89.6401 -45.9978 27425
-89.5901 -45.9978 27862.1
-89.5901 -45.9978 27103.2
-89.5901 -45.9978 27834.8
-89.5901 -45.9978 28109.9
-89.5901 -45.9978 27312.5
-89.5901 -45.9978 27565.4
-89.5901 -45.9978 28219.8
-89.5901 -45.9978 27955.6
-89.5901 -45.9978 27794.7
-89.5901 -45.9978 27958
-89.5401 -45.9978 26725.1
-89.5401 -45.9978 27878.7
-89.5401 -45.9978 27865.5
-89.5401 -45.9978 26683.4
-89.5401 -45.9978 27915.3
-89.5401 -45.9978 27141.1
-89.5401 -45.9978 27188.7
-89.5401 -45.9978 28076.9
-89.5401 -45.9978 27418.5
-89.5401 -45.9978 28198.8
-89.4901 -45.9978 27131.9
-89.4901 -45.9978 26930.7
-89.4901 -45.9978 27529.3
-89.4901 -45.9978 27620.9
-89.4901 -45.9978 27143.6
-89.4901 -45.9978 27349.3
-89.4901 -45.9978 27398.8
-89.4901 -45.9978 28124.4
-89.4901 -45.9978 27640.3
-89.4901 -45.9978 27118.2
-89.4401 -45.9978 27947.4
-89.4401 -45.9978 27040.7
-89.4401 -45.9978 27972.3
-89.4401 -45.9978 27199
-89.4401 -45.9978 26854.1
-89.4401 -45.9978 27915.9
-89.4401 -45.9978 28280.7
-89.4401 -45.9978 27712.3
-89.4401 -45.9978 27715.5
-89.4401 -45.9978 27621.3
-89.3901 -45.9978 27923.2
-89.3901 -45.9978 27166.7
-89.3901 -45.9978 27262.7
-89.3901 -45.9978 27237.2
-89.3901 -45.9978 27348.8
-89.3901 -45.9978 27050.8
-89.3901 -45.9978 26913.8
-89.3901 -45.9978 27865.4
-89.3901 -45.9978 27477.7
-89.3901 -45.9978 27505.4
-89.3401 -45.9978 27470.3
-89.3401 -45.9978 26968.3
-89.3401 -45.9978 27745.6
-89.3401 -45.9978 27403.8
-89.3401 -45.9978 27791.9
-89.3401 -45.9978 26300.4
-89.3401 -45.9978 27380.5
-89.3401 -45.9978 28310.3
-89.3401 -45.9978 27474.4
-89.3401 -45.9978 27408.5
-89.2901 -45.9978 27176.2
-89.2901 -45.9978 28533.9
-89.2901 -45.9978 26268.9
-89.2901 -45.9978 27057.2
-89.2901 -45.9978 27691.8
-89.2901 -45.9978 28543.2
-89.2901 -45.9978 27199.9
-89.2901 -45.9978 26757.7
-89.2901 -45.9978 26031.7
-89.2901 -45.9978 26646.3
-89.2401 -45.9978 27029.5
-89.2401 -45.9978 27983.3
-89.2401 -45.9978 27769.1
-89.2401 -45.9978 28028.9
-89.2401 -45.9978 26081.3
-89.2401 -45.9978 28259.6
-89.2401 -45.9978 27485.6
-89.2401 -45.9978 27814.2
-89.2401 -45.9978 28183.4
-89.2401 -45.9978 27941.4
-89.1901 -45.9978 28012.2
-89.1901 -45.9978 27681.1
-89.1901 -45.9978 27410.5
-89.1901 -45.9978 27875.9
-89.1901 -45.9978 27371
-89.1901 -45.9978 27742.3
-89.1901 -45.9978 27983.2
-89.1901 -45.9978 27094.4
-89.1901 -45.9978 26962.8
-89.1901 -45.9978 26947.5
-89.1401 -45.9978 28417.1
-89.1401 -45.9978 27042.9
-89.1401 -45.9978 27745.3
-89.1401 -45.9978 27909
-89.1401 -45.9978 0
-89.1401 -45.9978 27961.3
-89.1401 -45.9978 26981
-89.1401 -45.9978 26831.3
-89.1401 -45.9978 28111
-89.1401 -45.9978 28407.4
-89.0901 -45.9978 27648.8
-89.0901 -45.9978 26285
-89.0901 -45.9978 27532.4
-89.0901 -45.9978 27896.9
-89.0901 -45.9978 27898.6
-89.0901 -45.9978 26825.4
-89.0901 -45.9978 27205.5
-89.0901 -45.9978 27261.7
-89.0901 -45.9978 28282.5
-89.0901 -45.9978 26919
-89.0401 -45.9978 27248.5
-89.0401 -45.9978 26849.4
-89.0401 -45.9978 27070.5
-89.0401 -45.9978 27214.5
-89.0401 -45.9978 26440
-89.0401 -45.9978 27534.3
-89.0401 -45.9978 26236.7
-89.0401 -45.9978 26745.2
-89.0401 -45.9978 27487.1
-89.0401 -45.9978 27582.2
-88.9901 -45.9978 27735.2
-88.9901 -45.9978 27092.8
-88.9901 -45.9978 27367.4
-88.9901 -45.9978 26988.6
-88.9901 -45.9978 27195.3
-88.9901 -45.9978 25759.1
-88.9901 -45.9978 26840.4
-88.9901 -45.9978 27797.4
-88.9901 -45.9978 27136.2
-88.9901 -45.9978 27076.1
-88.9401 -45.9978 26594.1
-88.9401 -45.9978 27367.8
-88.9401 -45.9978 27632.5
-88.9401 -45.9978 26725
-88.9401 -45.9978 27344.9
-88.9401 -45.9978 26691.2
-88.9401 -45.9978 26677.7
-88.9401 -45.9978 27932
-88.9401 -45.9978 27358.3
-88.9401 -45.9978 27320.4
-88.8901 -45.9978 26513.1
-88.8901 -45.9978 26712.7
-88.8901 -45.9978 27090.3
-88.8901 -45.9978 27525.1
-88.8901 -45.9978 27259.2
-88.8901 -45.9978 26178.2
-88.8901 -45.9978 26681.5
-88.8901 -45.9978 27013.8
-88.8901 -45.9978 27134.3
-88.8901 -45.9978 26675.9
-88.8401 -45.9978 26337
-88.8401 -45.9978 27567.1
-88.8401 -45.9978 26646.6
-88.8401 -45.9978 27986.3
-88.8401 -45.9978 26179.4
-88.8401 -45.9978 27189.9
-88.8401 -45.9978 26719.6
-88.8401 -45.9978 25753.3
-88.8401 -45.9978 27023.2
-88.8401 -45.9978 26592.2
-88.7901 -45.9978 27130.3
-88.7901 -45.9978 26161.1
-88.7901 -45.9978 27363.1
-88.7901 -45.9978 25769.1
-88.7901 -45.9978 25745.9
-88.7901 -45.9978 26792.4
-88.7901 -45.9978 26421.1
-88.7901 -45.9978 26903.8
-88.7901 -45.9978 26410.4
-88.7901 -45.9978 26562.3
-88.7401 -45.9978 25883.7
-88.7401 -45.9978 26301.1
-88.7401 -45.9978 25497
-88.7401 -45.9978 25556.4
-88.7401 -45.9978 25771
-88.7401 -45.9978 25709.2
-88.7401 -45.9978 25705.4
-88.7401 -45.9978 25684.2
-88.7401 -45.9978 24920.3
-88.7401 -45.9978 25352.7
-88.6901 -45.9978 25742.8
-88.6901 -45.9978 25286.5
-88.6901 -45.9978 24984.8
-88.6901 -45.9978 25426.5
-88.6901 -45.9978 24651
-88.6901 -45.9978 25270.7
-88.6901 -45.9978 24987.2
-88.6901 -45.9978 24915.5
-88.6901 -45.9978 24869.2
-88.6901 -45.9978 25300.6
-88.6401 -45.9978 23762.4
-88.6401 -45.9978 22802.7
-88.6401 -45.9978 22553.3
-88.6401 -45.9978 24277.9
-88.6401 -45.9978 23295.4
-88.6401 -45.9978 23713.1
-88.6401 -45.9978 24459.5
-88.6401 -45.9978 23591.3
-88.6401 -45.9978 22417.4
-88.6401 -45.9978 23431.3
-88.5901 -45.9978 22498.9
-88.5901 -45.9978 21376.6
-88.5901 -45.9978 21711.6
-88.5901 -45.9978 21704.3
-88.5901 -45.9978 21873.6
-88.5901 -45.9978 20885.4
-88.5901 -45.9978 22116.5
-88.5901 -45.9978 22350.1
-88.5901 -45.9978 21714.5
-88.5901 -45.9978 21600.8
-88.5401 -45.9978 19411.6
-88.5401 -45.9978 18714.4
-88.5401 -45.9978 19172.5
-88.5401 -45.9978 18793.3
-88.5401 -45.9978 19715.6
-88.5401 -45.9978 18960.7
-88.5401 -45.9978 18468.2
-88.5401 -45.9978 19686.3
-88.5401 -45.9978 19274.2
-88.5401 -45.9978 19579.8
-88.4901 -45.9978 15750.8
-88.4901 -45.9978 16168.6
-88.4901 -45.9978 15482.2
-88.4901 -45.9978 15914.9
-88.4901 -45.9978 15674.9
-88.4901 -45.9978 15315.6
-88.4901 -45.9978 15306.7
-88.4901 -45.9978 16005.8
-88.4901 -45.9978 15531.5
-88.4901 -45.9978 15835.9
-88.4401 -45.9978 12321.1
-88.4401 -45.9978 12249.3
-88.4401 -45.9978 12441.9
-88.4401 -45.9978 12171.7
-88.4401 -45.9978 12189.3
-88.4401 -45.9978 12907.4
-88.4401 -45.9978 12075.6
-88.4401 -45.9978 12305.1
-88.4401 -45.9978 12146.4
-88.4401 -45.9978 12841.5
-88.3901 -45.9978 9318.14
-88.3901 -45.9978 9189.65
-88.3901 -45.9978 9295.88
-88.3901 -45.9978 9261.04
-88.3901 -45.9978 9350.11
-88.3901 -45.9978 8589.42
-88.3901 -45.9978 9162.76
-88.3901 -45.9978 8701.38
-88.3901 -45.9978 9218.59
-88.3901 -45.9978 9141.43
-88.3401 -45.9978 6890.48
-88.3401 -45.9978 5839.63
-88.3401 -45.9978 6213.35
-88.3401 -45.9978 6722.69
-88.3401 -45.9978 6769.45
-88.3401 -45.9978 6806.78
-88.3401 -45.9978 6528.78
-88.3401 -45.9978 6448.07
-88.3401 -45.9978 6463.68
-88.3401 -45.9978 6854.64
-88.2901 -45.9978 4548.97
-88.2901 -45.9978 4443.53
-88.2901 -45.9978 4500.27
-88.2901 -45.9978 4948.42
-88.2901 -45.9978 5175.38
-88.2901 -45.9978 4365.94
-88.2901 -45.9978 4428.04
-88.2901 -45.9978 4901.57
-88.2901 -45.9978 4410.95
-88.2901 -45.9978 4555.87
-88.2401 -45.9978 3086.1
-88.2401 -45.9978 3345.24
-88.2401 -45.9978 3349.3
-88.2401 -45.9978 3283.46
-88.2401 -45.9978 2978.26
-88.2401 -45.9978 3247.51
-88.2401 -45.9978 3646.58
-88.2401 -45.9978 3257.44
-88.2401 -45.9978 3415.85
-88.2401 -45.9978 3424.41
-88.1901 -45.9978 2151.68
-88.1901 -45.9978 2354.24
-88.1901 -45.9978 2157.51
-88.1901 -45.9978 2069.07
-88.1901 -45.9978 2460.21
-88.1901 -45.9978 2354.26
-88.1901 -45.9978 2354.04
-88.1901 -45.9978 2321.94
-88.1901 -45.9978 2379.59
-88.1901 -45.9978 2187.77
-88.1401 -45.9978 1947.24
-88.1401 -45.9978 1938.49
-88.1401 -45.9978 1794.51
-88.1401 -45.9978 1893.96
-88.1401 -45.9978 1896.24
-88.1401 -45.9978 1823.54
-88.1401 -45.9978 1948.49
-88.1401 -45.9978 1961.8
-88.1401 -45.9978 1911.34
-88.1401 -45.9978 2005.02
-88.0901 -45.9978 1678.58
-88.0901 -45.9978 1911.34
-88.0901 -45.9978 1820.8
-88.0901 -45.9978 1739.21
-88.0901 -45.9978 1766.61
-88.0901 -45.9978 1529.12
-88.0901 -45.9978 1703.73
-88.0901 -45.9978 1327.42
-88.0901 -45.9978 1675.93
-88.0901 -45.9978 1843.48
-88.0401 -45.9978 1532.46
-88.0401 -45.9978 1740.79
-88.0401 -45.9978 1574.75
-88.0401 -45.9978 1612.55
-88.0401 -45.9978 1471.96
-88.0401 -45.9978 1451.12
-88.0401 -45.9978 1630.85
-88.0401 -45.9978 1414.79
-88.0401 -45.9978 1540.56
-88.0401 -45.9978 1534.21
-87.9901 -45.9978 1355.8
-87.9901 -45.9978 1591.3
-87.9901 -45.9978 1359.99
-87.9901 -45.9978 1444.79
-87.9901 -45.9978 1721.11
-87.9901 -45.9978 1546.04
-87.9901 -45.9978 1509.83
-87.9901 -45.9978 1451.97
-87.9901 -45.9978 1329.78
-87.9901 -45.9978 1273.37
-87.9401 -45.9978 1440.99
-87.9401 -45.9978 1365.72
-87.9401 -45.9978 1363.89
-87.9401 -45.9978 1562.57
-87.9401 -45.9978 1288.41
-87.9401 -45.9978 1458.99
-87.9401 -45.9978 1419.64
-87.9401 -45.9978 1438.9
-87.9401 -45.9978 1580.55
-87.9401 -45.9978 1431.16
-87.8901 -45.9978 1507.54
-87.8901 -45.9978 1625.29
-87.8901 -45.9978 1346.09
-87.8901 -45.9978 1564.94
-87.8901 -45.9978 1382.46
-87.8901 -45.9978 1254.71
-87.8901 -45.9978 1338.15
-87.8901 -45.9978 1331.68
-87.8901 -45.9978 1391.03
-87.8901 -45.9978 1274.66
-87.8401 -45.9978 1590.37
-87.8401 -45.9978 1322.65
-87.8401 -45.9978 1260.88
-87.8401 -45.9978 1029.46
-87.8401 -45.9978 1470.63
-87.8401 -45.9978 1200.4
-87.8401 -45.9978 1479.06
-87.8401 -45.9978 1383.96
-87.8401 -45.9978 1374.18
-87.8401 -45.9978 1617.36
-87.7901 -45.9978 1304.37
-87.7901 -45.9978 1593.67
-87.7901 -45.9978 1409.03
-87.7901 -45.9978 1510.69
-87.7901 -45.9978 1560.44
-87.7901 -45.9978 1159.8
-87.7901 -45.9978 1217.33
-87.7901 -45.9978 1324.13
-87.7901 -45.9978 1571.04
-87.7901 -45.9978 1423.95
-87.7401 -45.9978 1254.89
-87.7401 -45.9978 1358.16
-87.7401 -45.9978 1404.76
-87.7401 -45.9978 1314.87
-87.7401 -45.9978 1587.84
-87.7401 -45.9978 1277.54
-87.7401 -45.9978 1366.01
-87.7401 -45.9978 1605.36
-87.7401 -45.9978 1208.58
-87.7401 -45.9978 1608.64
-87.6901 -45.9978 1228.35
-87.6901 -45.9978 1442.5
-87.6901 -45.9978 1179.52
-87.6901 -45.9978 1540.83
-87.6901 -45.9978 1321.94
-87.6901 -45.9978 1411.01
-87.6901 -45.9978 1364.42
-87.6901 -45.9978 1341.97
-87.6901 -45.9978 1334.95
-87.6901 -45.9978 1455.27
-87.6401 -45.9978 1394.11
-87.6401 -45.9978 1357.03
-87.6401 -45.9978 1415.5
-87.6401 -45.9978 1297.77
-87.6401 -45.9978 1394.99
-87.6401 -45.9978 1483.21
-87.6401 -45.9978 1336.05
-87.6401 -45.9978 1299.32
-87.6401 -45.9978 1210.56
-87.6401 -45.9978 1340.14
-87.5901 -45.9978 1177.38
-87.5901 -45.9978 1640.33
-87.5901 -45.9978 1298.9
-87.5901 -45.9978 1229.81
-87.5901 -45.9978 1558.14
-87.5901 -45.9978 1186.26
-87.5901 -45.9978 1289.44
-87.5901 -45.9978 1356.39
-87.5901 -45.9978 1250.32
-87.5901 -45.9978 1540.43
-87.5401 -45.9978 1414.9
-87.5401 -45.9978 1328.81
-87.5401 -45.9978 1458.48
-87.5401 -45.9978 1297.27
-87.5401 -45.9978 1207.55
-87.5401 -45.9978 1169.75
-87.5401 -45.9978 1556.24
-87.5401 -45.9978 1345.15
-87.5401 -45.9978 1431.12
-87.5401 -45.9978 1270.57
-87.4901 -45.9978 1289.7
-87.4901 -45.9978 1493.97
-87.4901 -45.9978 1156.75
-87.4901 -45.9978 1411.28
-87.4901 -45.9978 1617.08
-87.4901 -45.9978 1532.92
-87.4901 -45.9978 1463.44
-87.4901 -45.9978 1264.79
-87.4901 -45.9978 1341.56
-87.4901 -45.9978 1566.89
-87.4401 -45.9978 1330.63
-87.4401 -45.9978 1197.77
-87.4401 -45.9978 1527.47
-87.4401 -45.9978 1291.32
-87.4401 -45.9978 1429.04
-87.4401 -45.9978 1342.01
-87.4401 -45.9978 1354.82
-87.4401 -45.9978 1443.59
-87.4401 -45.9978 1129.12
-87.4401 -45.9978 1177.7
-87.3901 -45.9978 1340.11
-87.3901 -45.9978 1375.95
-87.3901 -45.9978 1256.98
-87.3901 -45.9978 1271.4
-87.3901 -45.9978 1554.27
-87.3901 -45.9978 1466.41
-87.3901 -45.9978 1175.03
-87.3901 -45.9978 1483.38
-87.3901 -45.9978 1528.84
-87.3901 -45.9978 1350.09
-87.3401 -45.9978 1408.53
-87.3401 -45.9978 1310.81
-87.3401 -45.9978 1553.28
-87.3401 -45.9978 1314.82
-87.3401 -45.9978 1280.79
-87.3401 -45.9978 1371.76
-87.3401 -45.9978 1434.55
-87.3401 -45.9978 1370.34
-87.3401 -45.9978 1092.33
-87.3401 -45.9978 1489.6
-87.2901 -45.9978 1338.06
-87.2901 -45.9978 1247.25
-87.2901 -45.9978 1295.13
-87.2901 -45.9978 1435.79
-87.2901 -45.9978 1495.76
-87.2901 -45.9978 1094.64
-87.2901 -45.9978 1228.4
-87.2901 -45.9978 1363.55
-87.2901 -45.9978 1163.37
-87.2901 -45.9978 1379.94
-87.2401 -45.9978 1180.37
-87.2401 -45.9978 1346.97
-87.2401 -45.9978 1364.31
-87.2401 -45.9978 1233.67
-87.2401 -45.9978 1207.04
-87.2401 -45.9978 1573.12
-87.2401 -45.9978 1261.34
-87.2401 -45.9978 1323.22
-87.2401 -45.9978 1591.57
-87.2401 -45.9978 1538.96
-87.1901 -45.9978 1422.72
-87.1901 -45.9978 1317.93
-87.1901 -45.9978 1341.36
-87.1901 -45.9978 1235.86
-87.1901 -45.9978 1149.12
-87.1901 -45.9978 1264.95
-87.1901 -45.9978 1288.67
-87.1901 -45.9978 1210.82
-87.1901 -45.9978 1568.08
-87.1901 -45.9978 1464.3
-87.1401 -45.9978 1148.22
-87.1401 -45.9978 1434.23
-87.1401 -45.9978 1148.62
-87.1401 -45.9978 1204.72
-87.1401 -45.9978 1370.49
-87.1401 -45.9978 1486.39
-87.1401 -45.9978 1572.6
-87.1401 -45.9978 1397.45
-87.1401 -45.9978 1288.81
-87.1401 -45.9978 1476.61
-87.0901 -45.9978 1320.77
-87.0901 -45.9978 1337.36
-87.0901 -45.9978 1525.2
-87.0901 -45.9978 1402.89
-87.0901 -45.9978 1245.97
-87.0901 -45.9978 1339.03
-87.0901 -45.9978 1371.88
-87.0901 -45.9978 1268.21
-87.0901 -45.9978 1327.34
-87.0901 -45.9978 1396.7
-87.0401 -45.9978 1259.64
-87.0401 -45.9978 1196.36
-87.0401 -45.9978 1237.84
-87.0401 -45.9978 1260.48
-87.0401 -45.9978 1503.05
-87.0401 -45.9978 1275.6
-87.0401 -45.9978 1209.34
-87.0401 -45.9978 1267.86
-87.0401 -45.9978 1343.32
-87.0401 -45.9978 1492.19
-86.9901 -45.9978 1450.49
-86.9901 -45.9978 1306.95
-86.9901 -45.9978 1331.75
-86.9901 -45.9978 1451.37
-86.9901 -45.9978 1268.02
-86.9901 -45.9978 1582.1
-86.9901 -45.9978 1430.61
-86.9901 -45.9978 1181.76
-86.9901 -45.9978 1285.69
-86.9901 -45.9978 1588.19
-86.9401 -45.9978 1381.79
-86.9401 -45.9978 1413.04
-86.9401 -45.9978 1220.48
-86.9401 -45.9978 1299.23
-86.9401 -45.9978 1181.31
-86.9401 -45.9978 1412.03
-86.9401 -45.9978 1480.67
-86.9401 -45.9978 1365.73
-86.9401 -45.9978 1410.11
-86.9401 -45.9978 1353.45
