-92.9401 -45.9978 1388.73
-92.9401 -45.9978 1393.18
-92.9401 -45.9978 1167.62
-92.9401 -45.9978 1247.3
-92.9401 -45.9978 1386.14
-92.9401 -45.9978 1374.36
-92.9401 -45.9978 1523.07
-92.9401 -45.9978 1236.63
-92.9401 -45.9978 1215.96
-92.9401 -45.9978 1341.83
-92.8901 -45.9978 1364.77
-92.8901 -45.9978 1195.15
-92.8901 -45.9978 1487.09
-92.8901 -45.9978 1331.94
-92.8901 -45.9978 1446.29
-92.8901 -45.9978 1472.86
-92.8901 -45.9978 1354.85
-92.8901 -45.9978 1344.28
-92.8901 -45.9978 1034.82
-92.8901 -45.9978 1254.19
-92.8401 -45.9978 1404.09
-92.8401 -45.9978 1332.46
-92.8401 -45.9978 1401.61
-92.8401 -45.9978 1349.35
-92.8401 -45.9978 1278.41
-92.8401 -45.9978 1368.38
-92.8401 -45.9978 1320.76
-92.8401 -45.9978 1185.94
-92.8401 -45.9978 1399.58
-92.8401 -45.9978 1303.52
-92.7901 -45.9978 1196.22
-92.7901 -45.9978 1140.86
-92.7901 -45.9978 1352.11
-92.7901 -45.9978 1497.36
-92.7901 -45.9978 1410
-92.7901 -45.9978 1391.96
-92.7901 -45.9978 1345.67
-92.7901 -45.9978 1327.04
-92.7901 -45.9978 1209.76
-92.7901 -45.9978 1280.93
-92.7401 -45.9978 1184.25
-92.7401 -45.9978 1464.14
-92.7401 -45.9978 1337.74
-92.7401 -45.9978 1252.39
-92.7401 -45.9978 1257.53
-92.7401 -45.9978 1336.55
-92.7401 -45.9978 1404.35
-92.7401 -45.9978 1422.81
-92.7401 -45.9978 1344.4
-92.7401 -45.9978 1419.61
-92.6901 -45.9978 1347.01
-92.6901 -45.9978 1589.51
-92.6901 -45.9978 1303.7
-92.6901 -45.9978 1597.12
-92.6901 -45.9978 1235.66
-92.6901 -45.9978 1236.75
-92.6901 -45.9978 1351.44
-92.6901 -45.9978 1383.14
-92.6901 -45.9978 1294.34
-92.6901 -45.9978 1529.59
-92.6401 -45.9978 1236.31
-92.6401 -45.9978 1387.92
-92.6401 -45.9978 1385.14
-92.6401 -45.9978 1289.05
-92.6401 -45.9978 1531.31
-92.6401 -45.9978 1461.07
-92.6401 -45.9978 1369.93
-92.6401 -45.9978 1550.94
-92.6401 -45.9978 1418.68
-92.6401 -45.9978 1381.65
-92.5901 -45.9978 1248.48
-92.5901 -45.9978 1409.82
-92.5901 -45.9978 1401.19
-92.5901 -45.9978 1346.69
-92.5901 -45.9978 1488.28
-92.5901 -45.9978 1318.45
-92.5901 -45.9978 1346.09
-92.5901 -45.9978 1228.05
-92.5901 -45.9978 1440.11
-92.5901 -45.9978 1288.86
-92.5401 -45.9978 1257.97
-92.5401 -45.9978 1351.53
-92.5401 -45.9978 1390.9
-92.5401 -45.9978 1284.32
-92.5401 -45.9978 1326.53
-92.5401 -45.9978 1534.68
-92.5401 -45.9978 1618.41
-92.5401 -45.9978 1401.79
-92.5401 -45.9978 1484.18
-92.5401 -45.9978 1487.18
-92.4901 -45.9978 1431.04
-92.4901 -45.9978 1343.36
-92.4901 -45.9978 1161.83
-92.4901 -45.9978 1534.78
-92.4901 -45.9978 1185.54
-92.4901 -45.9978 1319.6
-92.4901 -45.9978 1517.62
-92.4901 -45.9978 1524.38
-92.4901 -45.9978 1558.01
-92.4901 -45.9978 1459.12
-92.4401 -45.9978 1413.33
-92.4401 -45.9978 1459.03
-92.4401 -45.9978 1315.99
-92.4401 -45.9978 1173.49
-92.4401 -45.9978 1481.65
-92.4401 -45.9978 1311.56
-92.4401 -45.9978 1495.87
-92.4401 -45.9978 1267.52
-92.4401 -45.9978 1403.29
-92.4401 -45.9978 1495.69
-92.3901 -45.9978 1511.55
-92.3901 -45.9978 1195.78
-92.3901 -45.9978 1480.1
-92.3901 -45.9978 1084.96
-92.3901 -45.9978 1393.21
-92.3901 -45.9978 1548.3
-92.3901 -45.9978 1235.62
-92.3901 -45.9978 1487.54
-92.3901 -45.9978 1466.55
-92.3901 -45.9978 1303.99
-92.3401 -45.9978 1238.2
-92.3401 -45.9978 1436.79
-92.3401 -45.9978 1489.21
-92.3401 -45.9978 1605.68
-92.3401 -45.9978 1533.52
-92.3401 -45.9978 1525.49
-92.3401 -45.9978 1358.6
-92.3401 -45.9978 1233.72
-92.3401 -45.9978 1507.79
-92.3401 -45.9978 1302.66
-92.2901 -45.9978 1294.48
-92.2901 -45.9978 1371.9
-92.2901 -45.9978 1306.66
-92.2901 -45.9978 1284.06
-92.2901 -45.9978 1416.96
-92.2901 -45.9978 1257.7
-92.2901 -45.9978 1362.09
-92.2901 -45.9978 1195.48
-92.2901 -45.9978 1220.32
-92.2901 -45.9978 1459.74
-92.2401 -45.9978 1361
-92.2401 -45.9978 1327
-92.2401 -45.9978 1298.91
-92.2401 -45.9978 1509.51
-92.2401 -45.9978 1367.72
-92.2401 -45.9978 1600.22
-92.2401 -45.9978 1384.91
-92.2401 -45.9978 1384.33
-92.2401 -45.9978 1383.27
-92.2401 -45.9978 1274.3
-92.1901 -45.9978 1382.08
-92.1901 -45.9978 1393.05
-92.1901 -45.9978 1322.28
-92.1901 -45.9978 1204.77
-92.1901 -45.9978 1546.18
-92.1901 -45.9978 1379.16
-92.1901 -45.9978 1544.98
-92.1901 -45.9978 1490.42
-92.1901 -45.9978 1232.74
-92.1901 -45.9978 1279.55
-92.1401 -45.9978 1376.94
-92.1401 -45.9978 1508.19
-92.1401 -45.9978 1516.5
-92.1401 -45.9978 1478.19
-92.1401 -45.9978 1353.85
-92.1401 -45.9978 1241.23
-92.1401 -45.9978 1332.32
-92.1401 -45.9978 1496.72
-92.1401 -45.9978 1324.64
-92.1401 -45.9978 1438.3
-92.0901 -45.9978 1372.31
-92.0901 -45.9978 1699.48
-92.0901 -45.9978 1277.08
-92.0901 -45.9978 1407.84
-92.0901 -45.9978 1433.33
-92.0901 -45.9978 1391.55
-92.0901 -45.9978 1411.07
-92.0901 -45.9978 1249.79
-92.0901 -45.9978 1280.75
-92.0901 -45.9978 1352.68
-92.0401 -45.9978 1170.4
-92.0401 -45.9978 1623.24
-92.0401 -45.9978 1449.35
-92.0401 -45.9978 1488.89
-92.0401 -45.9978 1610.05
-92.0401 -45.9978 1615.36
-92.0401 -45.9978 1436.35
-92.0401 -45.9978 1500.74
-92.0401 -45.9978 1332.72
-92.0401 -45.9978 1295.08
-91.9901 -45.9978 1542.5
-91.9901 -45.9978 1600.86
-91.9901 -45.9978 1707.92
-91.9901 -45.9978 1476.73
-91.9901 -45.9978 1713.99
-91.9901 -45.9978 1385.22
-91.9901 -45.9978 1675.07
-91.9901 -45.9978 1628.33
-91.9901 -45.9978 1583.29
-91.9901 -45.9978 1592.42
-91.9401 -45.9978 1732
-91.9401 -45.9978 1556.64
-91.9401 -45.9978 1689.34
-91.9401 -45.9978 1777.32
-91.9401 -45.9978 1435.1
-91.9401 -45.9978 1520.94
-91.9401 -45.9978 1444.87
-91.9401 -45.9978 1671.26
-91.9401 -45.9978 1747.96
-91.9401 -45.9978 1247.69
-91.8901 -45.9978 1968.38
-91.8901 -45.9978 1903.53
-91.8901 -45.9978 1614.12
-91.8901 -45.9978 1745.25
-91.8901 -45.9978 1690.39
-91.8901 -45.9978 1647.84
-91.8901 -45.9978 1915.78
-91.8901 -45.9978 1663.01
-91.8901 -45.9978 1828.61
-91.8901 -45.9978 1901.29
-91.8401 -45.9978 2231.35
-91.8401 -45.9978 2295.45
-91.8401 -45.9978 2068.42
-91.8401 -45.9978 2171.64
-91.8401 -45.9978 2034.47
-91.8401 -45.9978 2133.59
-91.8401 -45.9978 2051.52
-91.8401 -45.9978 2065.49
-91.8401 -45.9978 2105
-91.8401 -45.9978 1980.66
-91.7901 -45.9978 2524.08
-91.7901 -45.9978 2760.75
-91.7901 -45.9978 2675.92
-91.7901 -45.9978 2817.76
-91.7901 -45.9978 2855.83
-91.7901 -45.9978 2770.21
-91.7901 -45.9978 2486.69
-91.7901 -45.9978 2976.9
-91.7901 -45.9978 2511.92
-91.7901 -45.9978 2763.02
-91.7401 -45.9978 3122.61
-91.7401 -45.9978 3157.94
-91.7401 -45.9978 3211.04
-91.7401 -45.9978 3431.97
-91.7401 -45.9978 3447.79
-91.7401 -45.9978 3069.39
-91.7401 -45.9978 3404.28
-91.7401 -45.9978 2821.43
-91.7401 -45.9978 3140.59
-91.7401 -45.9978 3143.62
-91.6901 -45.9978 4418.67
-91.6901 -45.9978 4356.18
-91.6901 -45.9978 4078.39
-91.6901 -45.9978 4141.24
-91.6901 -45.9978 4227.54
-91.6901 -45.9978 4186.04
-91.6901 -45.9978 3941.54
-91.6901 -45.9978 3959
-91.6901 -45.9978 4365.59
-91.6901 -45.9978 4186.45
-91.6401 -45.9978 5337.68
-91.6401 -45.9978 5530.04
-91.6401 -45.9978 5426.81
-91.6401 -45.9978 5287.78
-91.6401 -45.9978 5318.52
-91.6401 -45.9978 4960.61
-91.6401 -45.9978 5450.3
-91.6401 -45.9978 5450.27
-91.6401 -45.9978 5269.85
-91.6401 -45.9978 5551.96
-91.5901 -45.9978 6808.73
-91.5901 -45.9978 6862.01
-91.5901 -45.9978 6500.81
-91.5901 -45.9978 6551.87
-91.5901 -45.9978 6783.37
-91.5901 -45.9978 7034.67
-91.5901 -45.9978 6681.25
-91.5901 -45.9978 6635.7
-91.5901 -45.9978 7074.67
-91.5901 -45.9978 6815.63
-91.5401 -45.9978 9432.9
-91.5401 -45.9978 9924.54
-91.5401 -45.9978 9568.13
-91.5401 -45.9978 9654.02
-91.5401 -45.9978 9652.2
-91.5401 -45.9978 9494.05
-91.5401 -45.9978 9885.54
-91.5401 -45.9978 9415.99
-91.5401 -45.9978 9355.46
-91.5401 -45.9978 9410.22
-91.4901 -45.9978 11852.1
-91.4901 -45.9978 12351.2
-91.4901 -45.9978 11886.2
-91.4901 -45.9978 11568.6
-91.4901 -45.9978 12067.1
-91.4901 -45.9978 12304.1
-91.4901 -45.9978 12312.5
-91.4901 -45.9978 11685.4
-91.4901 -45.9978 12121.9
-91.4901 -45.9978 11600.5
-91.4401 -45.9978 14627
-91.4401 -45.9978 15117.6
-91.4401 -45.9978 15171.6
-91.4401 -45.9978 15281.2
-91.4401 -45.9978 15264.9
-91.4401 -45.9978 14720.4
-91.4401 -45.9978 14948.5
-91.4401 -45.9978 15114
-91.4401 -45.9978 14593.6
-91.4401 -45.9978 14404.8
-91.3901 -45.9978 17992.7
-91.3901 -45.9978 17686.8
-91.3901 -45.9978 17772.7
-91.3901 -45.9978 17885
-91.3901 -45.9978 18279.3
-91.3901 -45.9978 17761.2
-91.3901 -45.9978 18277.8
-91.3901 -45.9978 17947.5
-91.3901 -45.9978 17834.5
-91.3901 -45.9978 17523.1
-91.3401 -45.9978 20435.5
-91.3401 -45.9978 21167.1
-91.3401 -45.9978 20602.8
-91.3401 -45.9978 20642.1
-91.3401 -45.9978 20121.7
-91.3401 -45.9978 20745.4
-91.3401 -45.9978 20574.5
-91.3401 -45.9978 21259.4
-91.3401 -45.9978 20938
-91.3401 -45.9978 20405.3
-91.2901 -45.9978 23043.4
-91.2901 -45.9978 22085.7
-91.2901 -45.9978 23209.4
-91.2901 -45.9978 22945.3
-91.2901 -45.9978 22287.7
-91.2901 -45.9978 22461.3
-91.2901 -45.9978 23306.4
-91.2901 -45.9978 22174.8
-91.2901 -45.9978 22743.4
-91.2901 -45.9978 22874.5
-91.2401 -45.9978 23782.4
-91.2401 -45.9978 24221.7
-91.2401 -45.9978 24777.6
-91.2401 -45.9978 25178.6
-91.2401 -45.9978 23648.4
-91.2401 -45.9978 24907.9
-91.2401 -45.9978 24150.7
-91.2401 -45.9978 24555.1
-91.2401 -45.9978 24865.4
-91.2401 -45.9978 24586.3
-91.1901 -45.9978 25185.8
-91.1901 -45.9978 25969.4
-91.1901 -45.9978 25474.4
-91.1901 -45.9978 26814.7
-91.1901 -45.9978 25574
-91.1901 -45.9978 24880.5
-91.1901 -45.9978 26525.3
-91.1901 -45.9978 25925.4
-91.1901 -45.9978 26154.2
-91.1901 -45.9978 25164.5
-91.1401 -45.9978 25994.9
-91.1401 -45.9978 25859.2
-91.1401 -45.9978 25970.5
-91.1401 -45.9978 25845.9
-91.1401 -45.9978 25914.3
-91.1401 -45.9978 25704.2
-91.1401 -45.9978 26337.2
-91.1401 -45.9978 25963
-91.1401 -45.9978 26485.6
-91.1401 -45.9978 25979
-91.0901 -45.9978 27083.1
-91.0901 -45.9978 26035.4
-91.0901 -45.9978 26556.7
-91.0901 -45.9978 25633.5
-91.0901 -45.9978 26267
-91.0901 -45.9978 26669.2
-91.0901 -45.9978 27016.9
-91.0901 -45.9978 27714.4
-91.0901 -45.9978 26416.1
-91.0901 -45.9978 25971.9
-91.0401 -45.9978 27579
-91.0401 -45.9978 26211.7
-91.0401 -45.9978 26395.5
-91.0401 -45.9978 27525.7
-91.0401 -45.9978 25660.6
-91.0401 -45.9978 27931.6
-91.0401 -45.9978 27224.4
-91.0401 -45.9978 25367.9
-91.0401 -45.9978 26869.5
-91.0401 -45.9978 27290.2
-90.9901 -45.9978 27133.9
-90.9901 -45.9978 27139.5
-90.9901 -45.9978 28439.3
-90.9901 -45.9978 27026.5
-90.9901 -45.9978 26743.8
-90.9901 -45.9978 27382.9
-90.9901 -45.9978 27661
-90.9901 -45.9978 26743.5
-90.9901 -45.9978 26980.4
-90.9901 -45.9978 25788.3
-90.9401 -45.9978 27822.4
-90.9401 -45.9978 27660
-90.9401 -45.9978 26876.9
-90.9401 -45.9978 27034.3
-90.9401 -45.9978 27327.4
-90.9401 -45.9978 27326.4
-90.9401 -45.9978 26919.5
-90.9401 -45.9978 27124.2
-90.9401 -45.9978 27309.7
-90.9401 -45.9978 27682.4
-90.8901 -45.9978 27443
-90.8901 -45.9978 27435
-90.8901 -45.9978 27010.8
-90.8901 -45.9978 27628.4
-90.8901 -45.9978 26801.5
-90.8901 -45.9978 27029.6
-90.8901 -45.9978 27189.9
-90.8901 -45.9978 26921.4
-90.8901 -45.9978 27276.8
-90.8901 -45.9978 27253.5
-90.8401 -45.9978 27246.1
-90.8401 -45.9978 28718.6
-90.8401 -45.9978 27049
-90.8401 -45.9978 27427.9
-90.8401 -45.9978 26771.5
-90.8401 -45.9978 26999.7
-90.8401 -45.9978 27436.8
-90.8401 -45.9978 26983.1
-90.8401 -45.9978 27070
-90.8401 -45.9978 27099.3
-90.7901 -45.9978 27110.3
-90.7901 -45.9978 27221.9
-90.7901 -45.9978 27524.4
-90.7901 -45.9978 27892.4
-90.7901 -45.9978 28250.2
-90.7901 -45.9978 28234.2
-90.7901 -45.9978 28146.1
-90.7901 -45.9978 28003.1
-90.7901 -45.9978 26460.2
-90.7901 -45.9978 27436.2
-90.7401 -45.9978 27839.5
-90.7401 -45.9978 27182.1
-90.7401 -45.9978 27754.8
-90.7401 -45.9978 26930.9
-90.7401 -45.9978 27496.8
-90.7401 -45.9978 26848.1
-90.7401 -45.9978 27205.5
-90.7401 -45.9978 28272.7
-90.7401 -45.9978 26839.9
-90.7401 -45.9978 27446.8
-90.6901 -45.9978 26915.1
-90.6901 -45.9978 27492.8
-90.6901 -45.9978 27604
-90.6901 -45.9978 27712.5
-90.6901 -45.9978 28099.1
-90.6901 -45.9978 27246.3
-90.6901 -45.9978 27096.5
-90.6901 -45.9978 28198.6
-90.6901 -45.9978 26484.1
-90.6901 -45.9978 27490.2
-90.6401 -45.9978 27047.9
-90.6401 -45.9978 27834.1
-90.6401 -45.9978 27105.7
-90.6401 -45.9978 28277.2
-90.6401 -45.9978 28307.2
-90.6401 -45.9978 27034.3
-90.6401 -45.9978 28422.1
-90.6401 -45.9978 26140.2
-90.6401 -45.9978 27164.5
-90.6401 -45.9978 27339.6
-90.5901 -45.9978 26894.9
-90.5901 -45.9978 27553.1
-90.5901 -45.9978 27895
-90.5901 -45.9978 27461.1
-90.5901 -45.9978 28859.1
-90.5901 -45.9978 28053.9
-90.5901 -45.9978 26833.9
-90.5901 -45.9978 27669.1
-90.5901 -45.9978 27800.5
-90.5901 -45.9978 27584.5
-90.5401 -45.9978 27644.9
-90.5401 -45.9978 27759.6
-90.5401 -45.9978 27249.9
-90.5401 -45.9978 28307.5
-90.5401 -45.9978 27637.5
-90.5401 -45.9978 27990.1
-90.5401 -45.9978 26946.7
-90.5401 -45.9978 28278.6
-90.5401 -45.9978 28523.5
-90.5401 -45.9978 28683.5
-90.4901 -45.9978 27111.3
-90.4901 -45.9978 27103.8
-90.4901 -45.9978 26968.3
-90.4901 -45.9978 27737.5
-90.4901 -45.9978 27659.2
-90.4901 -45.9978 27649.9
-90.4901 -45.9978 27633.2
-90.4901 -45.9978 27729.3
-90.4901 -45.9978 27918.3
-90.4901 -45.9978 27001.8
-90.4401 -45.9978 26956.3
-90.4401 -45.9978 27474.6
-90.4401 -45.9978 26550.6
-90.4401 -45.9978 27045.3
-90.4401 -45.9978 28104.5
-90.4401 -45.9978 26934.5
-90.4401 -45.9978 26907.7
-90.4401 -45.9978 27969.2
-90.4401 -45.9978 28378.4
-90.4401 -45.9978 26728.3
-90.3901 -45.9978 27340.4
-90.3901 -45.9978 27459.4
-90.3901 -45.9978 27790.6
-90.3901 -45.9978 28482.7
-90.3901 -45.9978 28225.3
-90.3901 -45.9978 28263.2
-90.3901 -45.9978 26489.2
-90.3901 -45.9978 27250.1
-90.3901 -45.9978 26848.7
-90.3901 -45.9978 27296.3
-90.3401 -45.9978 28030.2
-90.3401 -45.9978 27400.6
-90.3401 -45.9978 27931.2
-90.3401 -45.9978 27070.4
-90.3401 -45.9978 26634.5
-90.3401 -45.9978 27464.9
-90.3401 -45.9978 26889.4
-90.3401 -45.9978 27457
-90.3401 -45.9978 27579.6
-90.3401 -45.9978 27904.9
-90.2901 -45.9978 28289
-90.2901 -45.9978 26974.8
-90.2901 -45.9978 28355.2
-90.2901 -45.9978 27660.3
-90.2901 -45.9978 27750.9
-90.2901 -45.9978 27638
-90.2901 -45.9978 27995.2
-90.2901 -45.9978 27701.7
-90.2901 -45.9978 27239.5
-90.2901 -45.9978 27017.2
-90.2401 -45.9978 27493.8
-90.2401 -45.9978 27849.7
-90.2401 -45.9978 27184.7
-90.2401 -45.9978 26863.3
-90.2401 -45.9978 27440.4
-90.2401 -45.9978 27207.4
-90.2401 -45.9978 26930
-90.2401 -45.9978 28227.1
-90.2401 -45.9978 27286.2
-90.2401 -45.9978 27421
-90.1901 -45.9978 28408
-90.1901 -45.9978 27655.5
-90.1901 -45.9978 27892.5
-90.1901 -45.9978 27158.4
-90.1901 -45.9978 28057.2
-90.1901 -45.9978 25933.5
-90.1901 -45.9978 28793.9
-90.1901 -45.9978 27671.4
-90.1901 -45.9978 26994.2
-90.1901 -45.9978 27468.4
-90.1401 -45.9978 27162.6
-90.1401 -45.9978 26648.3
-90.1401 -45.9978 26273.6
-90.1401 -45.9978 28155.1
-90.1401 -45.9978 26464.8
-90.1401 -45.9978 27061.2
-90.1401 -45.9978 27388.8
-90.1401 -45.9978 27703
-90.1401 -45.9978 27633.9
-90.1401 -45.9978 28033.6
-90.0901 -45.9978 27736.9
-90.0901 -45.9978 26903.1
-90.0901 -45.9978 27375.8
-90.0901 -45.9978 27646.4
-90.0901 -45.9978 27291.4
-90.0901 -45.9978 27531.3
-90.0901 -45.9978 27045.7
-90.0901 -45.9978 27551.9
-90.0901 -45.9978 27099.9
-90.0901 -45.9978 27617
-90.0401 -45.9978 27756.5
-90.0401 -45.9978 26890.2
-90.0401 -45.9978 28092.9
-90.0401 -45.9978 26846.5
-90.0401 -45.9978 27236
-90.0401 -45.9978 26626.1
-90.0401 -45.9978 27260
-90.0401 -45.9978 27552.2
-90.0401 -45.9978 28124.7
-90.0401 -45.9978 27033.9
-89.9901 -45.9978 27441.4
-89.9901 -45.9978 27220
-89.9901 -45.9978 27581.2
-89.9901 -45.9978 28536.4
-89.9901 -45.9978 27654.5
-89.9901 -45.9978 26819.5
-89.9901 -45.9978 27584
-89.9901 -45.9978 27425.7
-89.9901 -45.9978 27205.9
-89.9901 -45.9978 27396.4
-89.9401 -45.9978 27472
-89.9401 -45.9978 26999.6
-89.9401 -45.9978 27587.6
-89.9401 -45.9978 27895.6
-89.9401 -45.9978 26878.7
-89.9401 -45.9978 27095.7
-89.9401 -45.9978 27381.1
-89.9401 -45.9978 26707
-89.9401 -45.9978 28322.9
-89.9401 -45.9978 27198.9
-89.8901 -45.9978 27878.2
-89.8901 -45.9978 26844.5
-89.8901 -45.9978 27680.7
-89.8901 -45.9978 26518.5
-89.8901 -45.9978 26688
-89.8901 -45.9978 26815
-89.8901 -45.9978 28499.6
-89.8901 -45.9978 27910
-89.8901 -45.9978 27622.3
-89.8901 -45.9978 26885.7
-89.8401 -45.9978 27358.7
-89.8401 -45.9978 27381.1
-89.8401 -45.9978 26886.4
-89.8401 -45.9978 27079.8
-89.8401 -45.9978 28203.8
-89.8401 -45.9978 27830.8
-89.8401 -45.9978 26876.7
-89.8401 -45.9978 27764.9
-89.8401 -45.9978 27793.5
-89.8401 -45.9978 26293
-89.7901 -45.9978 26705.8
-89.7901 -45.9978 27262.4
-89.7901 -45.9978 28527
-89.7901 -45.9978 27873.3
-89.7901 -45.9978 28164
-89.7901 -45.9978 27513.5
-89.7901 -45.9978 28888.6
-89.7901 -45.9978 28285.9
-89.7901 -45.9978 27141
-89.7901 -45.9978 27229.8
-89.7401 -45.9978 26738
-89.7401 -45.9978 27809.6
-89.7401 -45.9978 27422.1
-89.7401 -45.9978 26128.6
-89.7401 -45.9978 27098.3
-89.7401 -45.9978 27299.5
-89.7401 -45.9978 27023.5
-89.7401 -45.9978 27338.8
-89.7401 -45.9978 27537.8
-89.7401 -45.9978 26638.1
-89.6901 -45.9978 27363
-89.6901 -45.9978 26970.9
-89.6901 -45.9978 27437.6
-89.6901 -45.9978 28027.7
-89.6901 -45.9978 26244.6
-89.6901 -45.9978 27619.6
-89.6901 -45.9978 26760.7
-89.6901 -45.9978 27838.9
-89.6901 -45.9978 27375.6
-89.6901 -45.9978 27630.2
-89.6401 -45.9978 26825.3
-89.6401 -45.9978 26724.1
-89.6401 -45.9978 28112.4
-89.6401 -45.9978 26499.7
-89.6401 -45.9978 27542.5
-89.6401 -45.9978 27298.2
-89.6401 -45.9978 26971.2
-89.6401 -45.9978 27062.5
-89.6401 -45.9978 27991.6
-89.6401 -45.9978 27645.1
-89.5901 -45.9978 27749.2
-89.5901 -45.9978 27498.1
-89.5901 -45.9978 27308.3
-89.5901 -45.9978 27755.6
-89.5901 -45.9978 27230.5
-89.5901 -45.9978 26907.7
-89.5901 -45.9978 27431.7
-89.5901 -45.9978 28040.3
-89.5901 -45.9978 27289.4
-89.5901 -45.9978 27633.5
-89.5401 -45.9978 27382.2
-89.5401 -45.9978 27708.8
-89.5401 -45.9978 27040.9
-89.5401 -45.9978 27563.7
-89.5401 -45.9978 27454.2
-89.5401 -45.9978 28351.4
-89.5401 -45.9978 27763.4
-89.5401 -45.9978 27828
-89.5401 -45.9978 27760.7
-89.5401 -45.9978 28027.2
-89.4901 -45.9978 27515.3
-89.4901 -45.9978 27238.8
-89.4901 -45.9978 27565.1
-89.4901 -45.9978 27846.7
-89.4901 -45.9978 27511.5
-89.4901 -45.9978 27182.2
-89.4901 -45.9978 26929.6
-89.4901 -45.9978 27271.4
-89.4901 -45.9978 27384.5
-89.4901 -45.9978 26453.7
-89.4401 -45.9978 27453.3
-89.4401 -45.9978 28240
-89.4401 -45.9978 27936.2
-89.4401 -45.9978 27524.5
-89.4401 -45.9978 27748.8
-89.4401 -45.9978 27605.1
-89.4401 -45.9978 27685.9
-89.4401 -45.9978 27741.4
-89.4401 -45.9978 26953.2
-89.4401 -45.9978 27398.6
-89.3901 -45.9978 28129.1
-89.3901 -45.9978 26837.5
-89.3901 -45.9978 28241.3
-89.3901 -45.9978 27895.4
-89.3901 -45.9978 28446.4
-89.3901 -45.9978 27821.5
-89.3901 -45.9978 27553.5
-89.3901 -45.9978 0
-89.3901 -45.9978 27830.1
-89.3901 -45.9978 27812.7
-89.3401 -45.9978 27646.6
-89.3401 -45.9978 27807.7
-89.3401 -45.9978 27066.3
-89.3401 -45.9978 27050.6
-89.3401 -45.9978 27233.2
-89.3401 -45.9978 27967.5
-89.3401 -45.9978 27685.9
-89.3401 -45.9978 27338.5
-89.3401 -45.9978 28269.1
-89.3401 -45.9978 27731.9
-89.2901 -45.9978 27285.7
-89.2901 -45.9978 27266.3
-89.2901 -45.9978 27315.3
-89.2901 -45.9978 28005.7
-89.2901 -45.9978 27390.6
-89.2901 -45.9978 26869.8
-89.2901 -45.9978 26977.8
-89.2901 -45.9978 26781.5
-89.2901 -45.9978 27555.8
-89.2901 -45.9978 27394.1
-89.2401 -45.9978 27600.9
-89.2401 -45.9978 27292.4
-89.2401 -45.9978 27735.3
-89.2401 -45.9978 28138.8
-89.2401 -45.9978 28456.7
-89.2401 -45.9978 27190.7
-89.2401 -45.9978 28218.8
-89.2401 -45.9978 27826.7
-89.2401 -45.9978 27400.7
-89.2401 -45.9978 26916
-89.1901 -45.9978 27509.7
-89.1901 -45.9978 27018.7
-89.1901 -45.9978 28471.3
-89.1901 -45.9978 27363.9
-89.1901 -45.9978 26720.5
-89.1901 -45.9978 27094.1
-89.1901 -45.9978 26989.7
-89.1901 -45.9978 26666.4
-89.1901 -45.9978 27505.3
-89.1901 -45.9978 28298.7
-89.1401 -45.9978 27926.8
-89.1401 -45.9978 27567.1
-89.1401 -45.9978 28433.6
-89.1401 -45.9978 27027.7
-89.1401 -45.9978 27163.8
-89.1401 -45.9978 26566
-89.1401 -45.9978 28323
-89.1401 -45.9978 27017.4
-89.1401 -45.9978 27495.6
-89.1401 -45.9978 27447.9
-89.0901 -45.9978 26491.1
-89.0901 -45.9978 28364.3
-89.0901 -45.9978 27659.3
-89.0901 -45.9978 27127.4
-89.0901 -45.9978 27686.9
-89.0901 -45.9978 27266.8
-89.0901 -45.9978 27082.8
-89.0901 -45.9978 27410
-89.0901 -45.9978 26687.4
-89.0901 -45.9978 28111.9
-89.0401 -45.9978 26889.2
-89.0401 -45.9978 26880.8
-89.0401 -45.9978 28485.9
-89.0401 -45.9978 26899.5
-89.0401 -45.9978 26688.6
-89.0401 -45.9978 27215
-89.0401 -45.9978 26694.4
-89.0401 -45.9978 28183.5
-89.0401 -45.9978 26587.7
-89.0401 -45.9978 27083.6
-88.9901 -45.9978 27376
-88.9901 -45.9978 26810
-88.9901 -45.9978 27854.2
-88.9901 -45.9978 27392.5
-88.9901 -45.9978 27172.3
-88.9901 -45.9978 26978.4
-88.9901 -45.9978 27228.2
-88.9901 -45.9978 27250
-88.9901 -45.9978 27314
-88.9901 -45.9978 27907.3
-88.9401 -45.9978 26829.8
-88.9401 -45.9978 27941.1
-88.9401 -45.9978 27548.3
-88.9401 -45.9978 27184.5
-88.9401 -45.9978 27699.2
-88.9401 -45.9978 27549.7
-88.9401 -45.9978 26453.5
-88.9401 -45.9978 27350.1
-88.9401 -45.9978 27311.1
-88.9401 -45.9978 27767.1
-88.8901 -45.9978 27298.6
-88.8901 -45.9978 26269.3
-88.8901 -45.9978 26471.4
-88.8901 -45.9978 26814.6
-88.8901 -45.9978 26770.8
-88.8901 -45.9978 27662.2
-88.8901 -45.9978 27333.1
-88.8901 -45.9978 26756.4
-88.8901 -45.9978 26581.7
-88.8901 -45.9978 26750.2
-88.8401 -45.9978 27474.1
-88.8401 -45.9978 27017.1
-88.8401 -45.9978 27383
-88.8401 -45.9978 27046.1
-88.8401 -45.9978 27300.6
-88.8401 -45.9978 26765.6
-88.8401 -45.9978 27057.7
-88.8401 -45.9978 26886.3
-88.8401 -45.9978 26450.1
-88.8401 -45.9978 27114.2
-88.7901 -45.9978 26626.8
-88.7901 -45.9978 26392.4
-88.7901 -45.9978 26538.7
-88.7901 -45.9978 27076.7
-88.7901 -45.9978 27000.4
-88.7901 -45.9978 26761.7
-88.7901 -45.9978 26867
-88.7901 -45.9978 26433.6
-88.7901 -45.9978 26547.1
-88.7901 -45.9978 26184.3
-88.7401 -45.9978 25962.6
-88.7401 -45.9978 0
-88.7401 -45.9978 25820.1
-88.7401 -45.9978 25710.7
-88.7401 -45.9978 25716.3
-88.7401 -45.9978 25379.7
-88.7401 -45.9978 26415
-88.7401 -45.9978 25943.1
-88.7401 -45.9978 25501.1
-88.7401 -45.9978 25863.9
-88.6901 -45.9978 25291.9
-88.6901 -45.9978 24721.2
-88.6901 -45.9978 24871.6
-88.6901 -45.9978 24643.3
-88.6901 -45.9978 25079.6
-88.6901 -45.9978 25193.6
-88.6901 -45.9978 23853.6
-88.6901 -45.9978 24565.8
-88.6901 -45.9978 24685.3
-88.6901 -45.9978 24380.8
-88.6401 -45.9978 24094.3
-88.6401 -45.9978 23623.2
-88.6401 -45.9978 23074.2
-88.6401 -45.9978 23835.7
-88.6401 -45.9978 23804.4
-88.6401 -45.9978 22991.4
-88.6401 -45.9978 24955.1
-88.6401 -45.9978 24444.5
-88.6401 -45.9978 23927.4
-88.6401 -45.9978 24068.4
-88.5901 -45.9978 22068.7
-88.5901 -45.9978 23041.7
-88.5901 -45.9978 22268
-88.5901 -45.9978 21140.5
-88.5901 -45.9978 21852
-88.5901 -45.9978 22764.9
-88.5901 -45.9978 21295.6
-88.5901 -45.9978 21387.9
-88.5901 -45.9978 21258.7
-88.5901 -45.9978 21511.6
-88.5401 -45.9978 19487.6
-88.5401 -45.9978 18634.4
-88.5401 -45.9978 19424
-88.5401 -45.9978 19152.6
-88.5401 -45.9978 18759.9
-88.5401 -45.9978 19199
-88.5401 -45.9978 18584.9
-88.5401 -45.9978 19348.6
-88.5401 -45.9978 19133.1
-88.5401 -45.9978 20030.3
-88.4901 -45.9978 15516.9
-88.4901 -45.9978 15940.3
-88.4901 -45.9978 14778.4
-88.4901 -45.9978 15199.8
-88.4901 -45.9978 15877.2
-88.4901 -45.9978 15353.1
-88.4901 -45.9978 16574.1
-88.4901 -45.9978 15210.5
-88.4901 -45.9978 16042.4
-88.4901 -45.9978 15235.8
-88.4401 -45.9978 12349.6
-88.4401 -45.9978 12382.2
-88.4401 -45.9978 12744.1
-88.4401 -45.9978 12601.4
-88.4401 -45.9978 13119.6
-88.4401 -45.9978 12429.3
-88.4401 -45.9978 12305.3
-88.4401 -45.9978 11942.5
-88.4401 -45.9978 12631.5
-88.4401 -45.9978 12290.2
-88.3901 -45.9978 9220.61
-88.3901 -45.9978 9187.42
-88.3901 -45.9978 9407.14
-88.3901 -45.9978 9353.78
-88.3901 -45.9978 9285.53
-88.3901 -45.9978 9595.04
-88.3901 -45.9978 10389.9
-88.3901 -45.9978 9137.81
-88.3901 -45.9978 9187.76
-88.3901 -45.9978 9435.2
-88.3401 -45.9978 6516.69
-88.3401 -45.9978 6695.63
-88.3401 -45.9978 6774.6
-88.3401 -45.9978 6014.43
-88.3401 -45.9978 6406.26
-88.3401 -45.9978 6436.53
-88.3401 -45.9978 6615.49
-88.3401 -45.9978 6852.89
-88.3401 -45.9978 6770.27
-88.3401 -45.9978 6221.06
-88.2901 -45.9978 5019.03
-88.2901 -45.9978 4460.64
-88.2901 -45.9978 4234.09
-88.2901 -45.9978 4284.48
-88.2901 -45.9978 4571.13
-88.2901 -45.9978 4488.6
-88.2901 -45.9978 4356.49
-88.2901 -45.9978 4545.25
-88.2901 -45.9978 4236.32
-88.2901 -45.9978 4603.64
-88.2401 -45.9978 3269.18
-88.2401 -45.9978 3087.57
-88.2401 -45.9978 3125.51
-88.2401 -45.9978 2749.22
-88.2401 -45.9978 2795.7
-88.2401 -45.9978 2888.17
-88.2401 -45.9978 3037.75
-88.2401 -45.9978 3023.78
-88.2401 -45.9978 3015.95
-88.2401 -45.9978 3120.54
-88.1901 -45.9978 2315.33
-88.1901 -45.9978 2368.89
-88.1901 -45.9978 2444.52
-88.1901 -45.9978 2347.94
-88.1901 -45.9978 2407.28
-88.1901 -45.9978 2484.5
-88.1901 -45.9978 2371.78
-88.1901 -45.9978 2501.79
-88.1901 -45.9978 2532.79
-88.1901 -45.9978 2244.88
-88.1401 -45.9978 1576.52
-88.1401 -45.9978 2071.68
-88.1401 -45.9978 1583.13
-88.1401 -45.9978 2207.34
-88.1401 -45.9978 1988.94
-88.1401 -45.9978 1781.84
-88.1401 -45.9978 2046.47
-88.1401 -45.9978 1964.78
-88.1401 -45.9978 1981.86
-88.1401 -45.9978 1998.52
-88.0901 -45.9978 1667.05
-88.0901 -45.9978 1704.4
-88.0901 -45.9978 1795.87
-88.0901 -45.9978 1743.54
-88.0901 -45.9978 1745.3
-88.0901 -45.9978 1751.22
-88.0901 -45.9978 1818.34
-88.0901 -45.9978 1748.72
-88.0901 -45.9978 1591.1
-88.0901 -45.9978 1797.93
-88.0401 -45.9978 1737.09
-88.0401 -45.9978 1610.8
-88.0401 -45.9978 1462.73
-88.0401 -45.9978 1629.3
-88.0401 -45.9978 1760.16
-88.0401 -45.9978 1617.55
-88.0401 -45.9978 1814.9
-88.0401 -45.9978 1627.32
-88.0401 -45.9978 1598.63
-88.0401 -45.9978 1573.58
-87.9901 -45.9978 1507.76
-87.9901 -45.9978 1497.49
-87.9901 -45.9978 1387.85
-87.9901 -45.9978 1694.14
-87.9901 -45.9978 1696.88
-87.9901 -45.9978 1561.97
-87.9901 -45.9978 1772.94
-87.9901 -45.9978 1735.86
-87.9901 -45.9978 1412.27
-87.9901 -45.9978 1575.57
-87.9401 -45.9978 1516.97
-87.9401 -45.9978 1336.08
-87.9401 -45.9978 1513.98
-87.9401 -45.9978 1320.62
-87.9401 -45.9978 1335.23
-87.9401 -45.9978 1520.54
-87.9401 -45.9978 1405.61
-87.9401 -45.9978 1440.21
-87.9401 -45.9978 1535.44
-87.9401 -45.9978 1566.12
-87.8901 -45.9978 1071.58
-87.8901 -45.9978 1584.77
-87.8901 -45.9978 1300.78
-87.8901 -45.9978 1383.91
-87.8901 -45.9978 1558.45
-87.8901 -45.9978 1587.66
-87.8901 -45.9978 1332.79
-87.8901 -45.9978 1424.74
-87.8901 -45.9978 1491.1
-87.8901 -45.9978 1589.07
-87.8401 -45.9978 1371.98
-87.8401 -45.9978 1170.46
-87.8401 -45.9978 1574.82
-87.8401 -45.9978 1489.8
-87.8401 -45.9978 1381.85
-87.8401 -45.9978 1435.83
-87.8401 -45.9978 1661.09
-87.8401 -45.9978 1496.06
-87.8401 -45.9978 1448.67
-87.8401 -45.9978 1371.49
-87.7901 -45.9978 1414.89
-87.7901 -45.9978 1408.73
-87.7901 -45.9978 1325.15
-87.7901 -45.9978 1386.2
-87.7901 -45.9978 1630.48
-87.7901 -45.9978 1435.13
-87.7901 -45.9978 1477.04
-87.7901 -45.9978 1349.17
-87.7901 -45.9978 1343.51
-87.7901 -45.9978 1403.82
-87.7401 -45.9978 1389.95
-87.7401 -45.9978 1302.68
-87.7401 -45.9978 1731.74
-87.7401 -45.9978 1481.17
-87.7401 -45.9978 1497.69
-87.7401 -45.9978 1554.92
-87.7401 -45.9978 1501.3
-87.7401 -45.9978 1275.82
-87.7401 -45.9978 1398.56
-87.7401 -45.9978 1403.03
-87.6901 -45.9978 1253.65
-87.6901 -45.9978 1256.5
-87.6901 -45.9978 1527.09
-87.6901 -45.9978 1471.4
-87.6901 -45.9978 1480.13
-87.6901 -45.9978 1491.89
-87.6901 -45.9978 1413.62
-87.6901 -45.9978 1319.76
-87.6901 -45.9978 1363.31
-87.6901 -45.9978 1321.36
-87.6401 -45.9978 1468.78
-87.6401 -45.9978 1447.07
-87.6401 -45.9978 1362.14
-87.6401 -45.9978 1354
-87.6401 -45.9978 1372.51
-87.6401 -45.9978 1422.82
-87.6401 -45.9978 1457
-87.6401 -45.9978 1385.29
-87.6401 -45.9978 1471.66
-87.6401 -45.9978 1482.15
-87.5901 -45.9978 1353.7
-87.5901 -45.9978 1138.31
-87.5901 -45.9978 1330
-87.5901 -45.9978 1334.48
-87.5901 -45.9978 1349.57
-87.5901 -45.9978 1390.83
-87.5901 -45.9978 1283.23
-87.5901 -45.9978 1298.42
-87.5901 -45.9978 1383.26
-87.5901 -45.9978 1485.26
-87.5401 -45.9978 1527.22
-87.5401 -45.9978 1262.11
-87.5401 -45.9978 1284.88
-87.5401 -45.9978 1400.23
-87.5401 -45.9978 1332.73
-87.5401 -45.9978 1329.31
-87.5401 -45.9978 1247.87
-87.5401 -45.9978 1240.07
-87.5401 -45.9978 1404.7
-87.5401 -45.9978 1276.45
-87.4901 -45.9978 1429.88
-87.4901 -45.9978 1431.68
-87.4901 -45.9978 1335.25
-87.4901 -45.9978 1333.06
-87.4901 -45.9978 1342.9
-87.4901 -45.9978 1402.49
-87.4901 -45.9978 1278.78
-87.4901 -45.9978 1220.89
-87.4901 -45.9978 1274.27
-87.4901 -45.9978 1445.75
-87.4401 -45.9978 1380.87
-87.4401 -45.9978 1306.84
-87.4401 -45.9978 1623.1
-87.4401 -45.9978 1486
-87.4401 -45.9978 1535.48
-87.4401 -45.9978 1374.34
-87.4401 -45.9978 1520.38
-87.4401 -45.9978 1316.06
-87.4401 -45.9978 1377.78
-87.4401 -45.9978 1569.99
-87.3901 -45.9978 1396.19
-87.3901 -45.9978 1294.41
-87.3901 -45.9978 1397.35
-87.3901 -45.9978 1190.05
-87.3901 -45.9978 1346.52
-87.3901 -45.9978 1318.27
-87.3901 -45.9978 1293.94
-87.3901 -45.9978 1550.59
-87.3901 -45.9978 1283.65
-87.3901 -45.9978 1245.72
-87.3401 -45.9978 1574.77
-87.3401 -45.9978 1298.74
-87.3401 -45.9978 1285.4
-87.3401 -45.9978 1347.37
-87.3401 -45.9978 1483.05
-87.3401 -45.9978 1335.63
-87.3401 -45.9978 1183.03
-87.3401 -45.9978 1507.06
-87.3401 -45.9978 1276.44
-87.3401 -45.9978 1220.79
-87.2901 -45.9978 1508.42
-87.2901 -45.9978 1312.72
-87.2901 -45.9978 1460.99
-87.2901 -45.9978 1241.26
-87.2901 -45.9978 1517.3
-87.2901 -45.9978 1268.69
-87.2901 -45.9978 1243.82
-87.2901 -45.9978 1454.8
-87.2901 -45.9978 1300.77
-87.2901 -45.9978 1338.13
-87.2401 -45.9978 1176.14
-87.2401 -45.9978 1201
-87.2401 -45.9978 1471.53
-87.2401 -45.9978 1366.08
-87.2401 -45.9978 1408.14
-87.2401 -45.9978 1297.43
-87.2401 -45.9978 1490.6
-87.2401 -45.9978 1504.93
-87.2401 -45.9978 1364.41
-87.2401 -45.9978 1268.25
-87.1901 -45.9978 1091.51
-87.1901 -45.9978 1199.06
-87.1901 -45.9978 1370.45
-87.1901 -45.9978 1236.31
-87.1901 -45.9978 1581.35
-87.1901 -45.9978 1197.65
-87.1901 -45.9978 1508.12
-87.1901 -45.9978 1538.27
-87.1901 -45.9978 1640.62
-87.1901 -45.9978 1225.89
-87.1401 -45.9978 1361.39
-87.1401 -45.9978 1152.09
-87.1401 -45.9978 1343.31
-87.1401 -45.9978 1419.19
-87.1401 -45.9978 1346.25
-87.1401 -45.9978 1330.24
-87.1401 -45.9978 1273.11
-87.1401 -45.9978 1492.53
-87.1401 -45.9978 1235.72
-87.1401 -45.9978 1307.3
-87.0901 -45.9978 1448.73
-87.0901 -45.9978 1454.66
-87.0901 -45.9978 1368.56
-87.0901 -45.9978 1340.75
-87.0901 -45.9978 1206.99
-87.0901 -45.9978 1518.96
-87.0901 -45.9978 1088.99
-87.0901 -45.9978 1370.38
-87.0901 -45.9978 1376.16
-87.0901 -45.9978 1342.16
-87.0401 -45.9978 1503.58
-87.0401 -45.9978 1332.93
-87.0401 -45.9978 1377.32
-87.0401 -45.9978 1432.23
-87.0401 -45.9978 1393.18
-87.0401 -45.9978 1444.3
-87.0401 -45.9978 1423.3
-87.0401 -45.9978 1057.33
-87.0401 -45.9978 1449.28
-87.0401 -45.9978 1366.31
-86.9901 -45.9978 1285.4
-86.9901 -45.9978 1317.19
-86.9901 -45.9978 1403.11
-86.9901 -45.9978 1337.82
-86.9901 -45.9978 1293.73
-86.9901 -45.9978 1443.49
-86.9901 -45.9978 1166.07
-86.9901 -45.9978 1320.49
-86.9901 -45.9978 1233.28
-86.9901 -45.9978 1335.31
-86.9401 -45.9978 1573.74
-86.9401 -45.9978 1418.06
-86.9401 -45.9978 1304.06
-86.9401 -45.9978 1230.04
-86.9401 -45.9978 1179.54
-86.9401 -45.9978 1427.3
-86.9401 -45.9978 1365.4
-86.9401 -45.9978 1441.76
-86.9401 -45.9978 1339.49
-86.9401 -45.9978 1532.2
