-89.9401 -48.2478 1528.83
-89.9401 -48.2478 1198.3
-89.9401 -48.2478 1302.78
-89.9401 -48.2478 1275.13
-89.9401 -48.2478 1275.44
-89.9401 -48.2478 1466.19
-89.9401 -48.2478 1317.49
-89.9401 -48.2478 1449.9
-89.9401 -48.2478 1426.05
-89.9401 -48.2478 1363.92
-89.9401 -48.1978 1337.36
-89.9401 -48.1978 1317.49
-89.9401 -48.1978 1493.77
-89.9401 -48.1978 1392.29
-89.9401 -48.1978 1510.71
-89.9401 -48.1978 1357.86
-89.9401 -48.1978 1336.45
-89.9401 -48.1978 1449.01
-89.9401 -48.1978 1585.87
-89.9401 -48.1978 1132.2
-89.9401 -48.1478 1571.95
-89.9401 -48.1478 1053.62
-89.9401 -48.1478 1576.14
-89.9401 -48.1478 1282.38
-89.9401 -48.1478 1433.32
-89.9401 -48.1478 1398.79
-89.9401 -48.1478 1431.5
-89.9401 -48.1478 1469.91
-89.9401 -48.1478 1334.52
-89.9401 -48.1478 1297.47
-89.9401 -48.0978 1488.4
-89.9401 -48.0978 1217.01
-89.9401 -48.0978 1357.19
-89.9401 -48.0978 1363.38
-89.9401 -48.0978 1425.62
-89.9401 -48.0978 1072.92
-89.9401 -48.0978 1306.43
-89.9401 -48.0978 1471.19
-89.9401 -48.0978 1237.02
-89.9401 -48.0978 1458.02
-89.9401 -48.0478 1221.76
-89.9401 -48.0478 1333.78
-89.9401 -48.0478 1447.11
-89.9401 -48.0478 1392.79
-89.9401 -48.0478 1460.1
-89.9401 -48.0478 1480.58
-89.9401 -48.0478 1451.05
-89.9401 -48.0478 1229.54
-89.9401 -48.0478 1391.24
-89.9401 -48.0478 1619.15
-89.9401 -47.9978 1254.83
-89.9401 -47.9978 1364.78
-89.9401 -47.9978 1452.77
-89.9401 -47.9978 1322.43
-89.9401 -47.9978 1256.49
-89.9401 -47.9978 1326
-89.9401 -47.9978 1394.74
-89.9401 -47.9978 1306.89
-89.9401 -47.9978 1344.79
-89.9401 -47.9978 1439.18
-89.9401 -47.9478 1440.59
-89.9401 -47.9478 1245.81
-89.9401 -47.9478 1411.53
-89.9401 -47.9478 1559.38
-89.9401 -47.9478 1443.88
-89.9401 -47.9478 1361.36
-89.9401 -47.9478 1301.7
-89.9401 -47.9478 1418.77
-89.9401 -47.9478 1430.82
-89.9401 -47.9478 1209
-89.9401 -47.8978 1454.37
-89.9401 -47.8978 1287.92
-89.9401 -47.8978 1497.01
-89.9401 -47.8978 1275.68
-89.9401 -47.8978 1121.69
-89.9401 -47.8978 1360.41
-89.9401 -47.8978 1304.01
-89.9401 -47.8978 1366.89
-89.9401 -47.8978 1363.64
-89.9401 -47.8978 1534.59
-89.9401 -47.8478 1344.86
-89.9401 -47.8478 1299.61
-89.9401 -47.8478 1480.49
-89.9401 -47.8478 1338.45
-89.9401 -47.8478 1493.77
-89.9401 -47.8478 1350.49
-89.9401 -47.8478 1342.24
-89.9401 -47.8478 1321.56
-89.9401 -47.8478 1245.46
-89.9401 -47.8478 1494.29
-89.9401 -47.7978 1521.46
-89.9401 -47.7978 1261.64
-89.9401 -47.7978 1347.63
-89.9401 -47.7978 1288.68
-89.9401 -47.7978 1152.13
-89.9401 -47.7978 1339.68
-89.9401 -47.7978 1446.26
-89.9401 -47.7978 1381.57
-89.9401 -47.7978 1309.75
-89.9401 -47.7978 1336.68
-89.9401 -47.7478 1404.96
-89.9401 -47.7478 1480.35
-89.9401 -47.7478 1613.74
-89.9401 -47.7478 1508.07
-89.9401 -47.7478 1586.19
-89.9401 -47.7478 1148.93
-89.9401 -47.7478 1340.3
-89.9401 -47.7478 1527.89
-89.9401 -47.7478 1462.05
-89.9401 -47.7478 1216.63
-89.9401 -47.6978 1442.55
-89.9401 -47.6978 1350.23
-89.9401 -47.6978 1273.52
-89.9401 -47.6978 1401.7
-89.9401 -47.6978 1342.88
-89.9401 -47.6978 1332.38
-89.9401 -47.6978 1578.49
-89.9401 -47.6978 1498.51
-89.9401 -47.6978 1265.02
-89.9401 -47.6978 1404.43
-89.9401 -47.6478 1353.64
-89.9401 -47.6478 1363.47
-89.9401 -47.6478 1314.03
-89.9401 -47.6478 1430.77
-89.9401 -47.6478 1361.47
-89.9401 -47.6478 1321.19
-89.9401 -47.6478 1345.11
-89.9401 -47.6478 1307.31
-89.9401 -47.6478 1213.49
-89.9401 -47.6478 1299.72
-89.9401 -47.5978 1475.67
-89.9401 -47.5978 1357.22
-89.9401 -47.5978 1377.19
-89.9401 -47.5978 1430.74
-89.9401 -47.5978 1336.45
-89.9401 -47.5978 1276.61
-89.9401 -47.5978 1383.19
-89.9401 -47.5978 1423
-89.9401 -47.5978 1222.43
-89.9401 -47.5978 1530.83
-89.9401 -47.5478 1357.81
-89.9401 -47.5478 1455.05
-89.9401 -47.5478 1367.18
-89.9401 -47.5478 1448.69
-89.9401 -47.5478 1394.58
-89.9401 -47.5478 1446.45
-89.9401 -47.5478 1391.43
-89.9401 -47.5478 1342.61
-89.9401 -47.5478 1527.27
-89.9401 -47.5478 1464.44
-89.9401 -47.4978 1274.45
-89.9401 -47.4978 1437.6
-89.9401 -47.4978 1487.08
-89.9401 -47.4978 1346.79
-89.9401 -47.4978 1483.91
-89.9401 -47.4978 1533.09
-89.9401 -47.4978 1338.97
-89.9401 -47.4978 1480.26
-89.9401 -47.4978 1433.43
-89.9401 -47.4978 1384.08
-89.9401 -47.4478 1742.79
-89.9401 -47.4478 1537.74
-89.9401 -47.4478 1297.54
-89.9401 -47.4478 1333.72
-89.9401 -47.4478 1550.8
-89.9401 -47.4478 1365.32
-89.9401 -47.4478 1477.12
-89.9401 -47.4478 1548.74
-89.9401 -47.4478 1440.59
-89.9401 -47.4478 1483.12
-89.9401 -47.3978 1700.43
-89.9401 -47.3978 1318.91
-89.9401 -47.3978 1380.81
-89.9401 -47.3978 1484.13
-89.9401 -47.3978 1499.97
-89.9401 -47.3978 1449.41
-89.9401 -47.3978 1667.24
-89.9401 -47.3978 1513.48
-89.9401 -47.3978 1327.71
-89.9401 -47.3978 1382.76
-89.9401 -47.3478 1206.11
-89.9401 -47.3478 1467.62
-89.9401 -47.3478 1304.78
-89.9401 -47.3478 1284.54
-89.9401 -47.3478 1586.86
-89.9401 -47.3478 1442.17
-89.9401 -47.3478 1453.05
-89.9401 -47.3478 1369.93
-89.9401 -47.3478 1398.98
-89.9401 -47.3478 1223.35
-89.9401 -47.2978 1498.53
-89.9401 -47.2978 1326.05
-89.9401 -47.2978 1482.98
-89.9401 -47.2978 1625.94
-89.9401 -47.2978 1414.13
-89.9401 -47.2978 1254.69
-89.9401 -47.2978 1504.88
-89.9401 -47.2978 1605.48
-89.9401 -47.2978 1467.77
-89.9401 -47.2978 1450.4
-89.9401 -47.2478 1754.46
-89.9401 -47.2478 1621.31
-89.9401 -47.2478 1616.81
-89.9401 -47.2478 1392.88
-89.9401 -47.2478 1632.54
-89.9401 -47.2478 1468.58
-89.9401 -47.2478 1427.98
-89.9401 -47.2478 1452.97
-89.9401 -47.2478 1468.16
-89.9401 -47.2478 1406.72
-89.9401 -47.1978 1440.92
-89.9401 -47.1978 1539.44
-89.9401 -47.1978 1710.28
-89.9401 -47.1978 1341.88
-89.9401 -47.1978 1677.39
-89.9401 -47.1978 1681.68
-89.9401 -47.1978 1696.41
-89.9401 -47.1978 1772.99
-89.9401 -47.1978 1726.17
-89.9401 -47.1978 1599.64
-89.9401 -47.1478 2020.53
-89.9401 -47.1478 1790.32
-89.9401 -47.1478 1713.13
-89.9401 -47.1478 2054.05
-89.9401 -47.1478 1989.8
-89.9401 -47.1478 1727.27
-89.9401 -47.1478 1719.26
-89.9401 -47.1478 1838.93
-89.9401 -47.1478 2086.38
-89.9401 -47.1478 2075.73
-89.9401 -47.0978 2101.1
-89.9401 -47.0978 2270.77
-89.9401 -47.0978 2379.5
-89.9401 -47.0978 2206.08
-89.9401 -47.0978 2141.14
-89.9401 -47.0978 2162.46
-89.9401 -47.0978 1893.38
-89.9401 -47.0978 2517.48
-89.9401 -47.0978 2118.57
-89.9401 -47.0978 2035.89
-89.9401 -47.0478 2797.38
-89.9401 -47.0478 2732.38
-89.9401 -47.0478 2708.41
-89.9401 -47.0478 2621.16
-89.9401 -47.0478 2410.93
-89.9401 -47.0478 3066.91
-89.9401 -47.0478 2737.86
-89.9401 -47.0478 2718.89
-89.9401 -47.0478 2620.49
-89.9401 -47.0478 2812.21
-89.9401 -46.9978 3535.72
-89.9401 -46.9978 3508.51
-89.9401 -46.9978 3570.88
-89.9401 -46.9978 3813.91
-89.9401 -46.9978 3752.71
-89.9401 -46.9978 3500.12
-89.9401 -46.9978 3714.8
-89.9401 -46.9978 3765.87
-89.9401 -46.9978 3424.08
-89.9401 -46.9978 3808.44
-89.9401 -46.9478 5167.46
-89.9401 -46.9478 5084.72
-89.9401 -46.9478 4776.25
-89.9401 -46.9478 4739.51
-89.9401 -46.9478 4676.59
-89.9401 -46.9478 4842.68
-89.9401 -46.9478 4966.63
-89.9401 -46.9478 4834.75
-89.9401 -46.9478 4566.05
-89.9401 -46.9478 5148.2
-89.9401 -46.8978 7083.68
-89.9401 -46.8978 6704.18
-89.9401 -46.8978 6893.85
-89.9401 -46.8978 6502.2
-89.9401 -46.8978 7196.34
-89.9401 -46.8978 6488.46
-89.9401 -46.8978 6738.68
-89.9401 -46.8978 6995.02
-89.9401 -46.8978 6377.15
-89.9401 -46.8978 6587.49
-89.9401 -46.8478 8678.73
-89.9401 -46.8478 8728.62
-89.9401 -46.8478 8940.04
-89.9401 -46.8478 9011.52
-89.9401 -46.8478 8260.11
-89.9401 -46.8478 9002.01
-89.9401 -46.8478 8875.15
-89.9401 -46.8478 8760.64
-89.9401 -46.8478 8510.14
-89.9401 -46.8478 8854.3
-89.9401 -46.7978 11662.5
-89.9401 -46.7978 11500.7
-89.9401 -46.7978 11449.9
-89.9401 -46.7978 11308.3
-89.9401 -46.7978 11113
-89.9401 -46.7978 11232.7
-89.9401 -46.7978 11178.5
-89.9401 -46.7978 11955.8
-89.9401 -46.7978 11802.8
-89.9401 -46.7978 11418.5
-89.9401 -46.7478 13948.9
-89.9401 -46.7478 14396.6
-89.9401 -46.7478 14705.2
-89.9401 -46.7478 14486.3
-89.9401 -46.7478 14368.9
-89.9401 -46.7478 14554.3
-89.9401 -46.7478 13936.6
-89.9401 -46.7478 14281.5
-89.9401 -46.7478 14682.3
-89.9401 -46.7478 14041
-89.9401 -46.6978 17736.2
-89.9401 -46.6978 16499.5
-89.9401 -46.6978 17046.6
-89.9401 -46.6978 17029.1
-89.9401 -46.6978 16335.6
-89.9401 -46.6978 17183.7
-89.9401 -46.6978 17288.8
-89.9401 -46.6978 17011.7
-89.9401 -46.6978 16746.8
-89.9401 -46.6978 17606
-89.9401 -46.6478 19463
-89.9401 -46.6478 19240.6
-89.9401 -46.6478 20132
-89.9401 -46.6478 20085.9
-89.9401 -46.6478 19945.4
-89.9401 -46.6478 19959.4
-89.9401 -46.6478 19994.1
-89.9401 -46.6478 19204.2
-89.9401 -46.6478 21133.8
-89.9401 -46.6478 20084.8
-89.9401 -46.5978 22043.4
-89.9401 -46.5978 21812.9
-89.9401 -46.5978 22338.1
-89.9401 -46.5978 22314.6
-89.9401 -46.5978 21849
-89.9401 -46.5978 22091.9
-89.9401 -46.5978 21479.5
-89.9401 -46.5978 21284.6
-89.9401 -46.5978 21407.2
-89.9401 -46.5978 22184.8
-89.9401 -46.5478 24703.4
-89.9401 -46.5478 23142.6
-89.9401 -46.5478 23038.7
-89.9401 -46.5478 23353.4
-89.9401 -46.5478 23678.4
-89.9401 -46.5478 24115.7
-89.9401 -46.5478 23505.1
-89.9401 -46.5478 24506
-89.9401 -46.5478 23810.5
-89.9401 -46.5478 23366.2
-89.9401 -46.4978 25170.7
-89.9401 -46.4978 24902.7
-89.9401 -46.4978 25479.9
-89.9401 -46.4978 25153.2
-89.9401 -46.4978 23796.1
-89.9401 -46.4978 24494.2
-89.9401 -46.4978 24771.6
-89.9401 -46.4978 24504.9
-89.9401 -46.4978 24233.9
-89.9401 -46.4978 25002.8
-89.9401 -46.4478 25939
-89.9401 -46.4478 25962.8
-89.9401 -46.4478 25408.9
-89.9401 -46.4478 25343.2
-89.9401 -46.4478 26394.3
-89.9401 -46.4478 26470
-89.9401 -46.4478 26084.4
-89.9401 -46.4478 25562.2
-89.9401 -46.4478 25955.6
-89.9401 -46.4478 26050.2
-89.9401 -46.3978 26303.6
-89.9401 -46.3978 27310.6
-89.9401 -46.3978 26148.8
-89.9401 -46.3978 26286.1
-89.9401 -46.3978 26144.2
-89.9401 -46.3978 27316.4
-89.9401 -46.3978 27271.4
-89.9401 -46.3978 26081
-89.9401 -46.3978 25643
-89.9401 -46.3978 26076.4
-89.9401 -46.3478 27257.9
-89.9401 -46.3478 26376.3
-89.9401 -46.3478 26714
-89.9401 -46.3478 26620.6
-89.9401 -46.3478 27140.8
-89.9401 -46.3478 27122.7
-89.9401 -46.3478 26371.3
-89.9401 -46.3478 26312.7
-89.9401 -46.3478 27171.1
-89.9401 -46.3478 26792.4
-89.9401 -46.2978 27411.4
-89.9401 -46.2978 26686
-89.9401 -46.2978 26858.1
-89.9401 -46.2978 27272.4
-89.9401 -46.2978 27096.4
-89.9401 -46.2978 25908.9
-89.9401 -46.2978 27288.8
-89.9401 -46.2978 27526.7
-89.9401 -46.2978 27061.9
-89.9401 -46.2978 26361.4
-89.9401 -46.2478 27434.9
-89.9401 -46.2478 27104.1
-89.9401 -46.2478 27478.9
-89.9401 -46.2478 27205.2
-89.9401 -46.2478 27077.5
-89.9401 -46.2478 26449.5
-89.9401 -46.2478 27715.4
-89.9401 -46.2478 26775.1
-89.9401 -46.2478 26675.1
-89.9401 -46.2478 27199.1
-89.9401 -46.1978 28192.5
-89.9401 -46.1978 27527.6
-89.9401 -46.1978 26677.3
-89.9401 -46.1978 26352.7
-89.9401 -46.1978 27491.2
-89.9401 -46.1978 28126.3
-89.9401 -46.1978 27142.7
-89.9401 -46.1978 26803.1
-89.9401 -46.1978 27271.1
-89.9401 -46.1978 27024.9
-89.9401 -46.1478 27473.2
-89.9401 -46.1478 28250.9
-89.9401 -46.1478 27790.4
-89.9401 -46.1478 27456.1
-89.9401 -46.1478 26276.1
-89.9401 -46.1478 27958.8
-89.9401 -46.1478 28230.5
-89.9401 -46.1478 28120.7
-89.9401 -46.1478 27159.8
-89.9401 -46.1478 27753.9
-89.9401 -46.0978 27265.1
-89.9401 -46.0978 27189.2
-89.9401 -46.0978 27149.6
-89.9401 -46.0978 28674
-89.9401 -46.0978 27579.3
-89.9401 -46.0978 27414.5
-89.9401 -46.0978 27738.4
-89.9401 -46.0978 28204.1
-89.9401 -46.0978 28014.2
-89.9401 -46.0978 28137.5
-89.9401 -46.0478 27573.1
-89.9401 -46.0478 27844.8
-89.9401 -46.0478 28199
-89.9401 -46.0478 27698
-89.9401 -46.0478 26822.6
-89.9401 -46.0478 27004.3
-89.9401 -46.0478 27565.1
-89.9401 -46.0478 27302.3
-89.9401 -46.0478 27056.4
-89.9401 -46.0478 27868.6
-89.9401 -45.9978 27043.8
-89.9401 -45.9978 27373.1
-89.9401 -45.9978 27105.3
-89.9401 -45.9978 27246.9
-89.9401 -45.9978 27243.7
-89.9401 -45.9978 27105.2
-89.9401 -45.9978 26604.1
-89.9401 -45.9978 26601.8
-89.9401 -45.9978 27306
-89.9401 -45.9978 28310.7
-89.9401 -45.9478 27953.7
-89.9401 -45.9478 27515.8
-89.9401 -45.9478 28104.4
-89.9401 -45.9478 27788.1
-89.9401 -45.9478 27269.3
-89.9401 -45.9478 26867.7
-89.9401 -45.9478 27545.2
-89.9401 -45.9478 26161.1
-89.9401 -45.9478 28020.1
-89.9401 -45.9478 27484.2
-89.9401 -45.8978 27436.3
-89.9401 -45.8978 27580.4
-89.9401 -45.8978 28400
-89.9401 -45.8978 26682.6
-89.9401 -45.8978 26420.6
-89.9401 -45.8978 27766.7
-89.9401 -45.8978 28719.2
-89.9401 -45.8978 26965.7
-89.9401 -45.8978 26588.5
-89.9401 -45.8978 26669.8
-89.9401 -45.8478 27306.9
-89.9401 -45.8478 27384.1
-89.9401 -45.8478 27570.9
-89.9401 -45.8478 27274
-89.9401 -45.8478 27372.4
-89.9401 -45.8478 28091.9
-89.9401 -45.8478 27484.1
-89.9401 -45.8478 28347.3
-89.9401 -45.8478 27143
-89.9401 -45.8478 27411.4
-89.9401 -45.7978 27121.2
-89.9401 -45.7978 27680.5
-89.9401 -45.7978 28155.6
-89.9401 -45.7978 26912.3
-89.9401 -45.7978 27364.1
-89.9401 -45.7978 27790.3
-89.9401 -45.7978 28453.8
-89.9401 -45.7978 28357.2
-89.9401 -45.7978 27848.9
-89.9401 -45.7978 27364.4
-89.9401 -45.7478 26146.7
-89.9401 -45.7478 26406.7
-89.9401 -45.7478 27547.3
-89.9401 -45.7478 26757.6
-89.9401 -45.7478 27207.1
-89.9401 -45.7478 28041.8
-89.9401 -45.7478 28447.8
-89.9401 -45.7478 28240.9
-89.9401 -45.7478 27992.2
-89.9401 -45.7478 28169.3
-89.9401 -45.6978 26822.9
-89.9401 -45.6978 27218.3
-89.9401 -45.6978 27924.4
-89.9401 -45.6978 27088.6
-89.9401 -45.6978 26596.8
-89.9401 -45.6978 26897.9
-89.9401 -45.6978 26929.8
-89.9401 -45.6978 27357.3
-89.9401 -45.6978 27469.8
-89.9401 -45.6978 27631.8
-89.9401 -45.6478 27242.4
-89.9401 -45.6478 27493.9
-89.9401 -45.6478 27093.3
-89.9401 -45.6478 27514.1
-89.9401 -45.6478 27492.4
-89.9401 -45.6478 26489.6
-89.9401 -45.6478 27170.5
-89.9401 -45.6478 27384.7
-89.9401 -45.6478 28002.2
-89.9401 -45.6478 28014.7
-89.9401 -45.5978 26964.4
-89.9401 -45.5978 27202.5
-89.9401 -45.5978 27497.9
-89.9401 -45.5978 27922.4
-89.9401 -45.5978 27101.4
-89.9401 -45.5978 27064.3
-89.9401 -45.5978 27499.1
-89.9401 -45.5978 26676.4
-89.9401 -45.5978 26982.4
-89.9401 -45.5978 27135
-89.9401 -45.5478 26974.6
-89.9401 -45.5478 26307.4
-89.9401 -45.5478 26853.1
-89.9401 -45.5478 27894.3
-89.9401 -45.5478 26899.8
-89.9401 -45.5478 27259
-89.9401 -45.5478 27690.8
-89.9401 -45.5478 27528.9
-89.9401 -45.5478 27360.9
-89.9401 -45.5478 27563.5
-89.9401 -45.4978 27744.6
-89.9401 -45.4978 26719.5
-89.9401 -45.4978 26471
-89.9401 -45.4978 26669.2
-89.9401 -45.4978 26383.5
-89.9401 -45.4978 26381.4
-89.9401 -45.4978 26112.3
-89.9401 -45.4978 28562
-89.9401 -45.4978 27799.9
-89.9401 -45.4978 26888.4
-89.9401 -45.4478 26454.2
-89.9401 -45.4478 27674.5
-89.9401 -45.4478 26950.6
-89.9401 -45.4478 25984
-89.9401 -45.4478 27539.8
-89.9401 -45.4478 26342.9
-89.9401 -45.4478 27517
-89.9401 -45.4478 26763
-89.9401 -45.4478 27166.6
-89.9401 -45.4478 27299.9
-89.9401 -45.3978 26626.7
-89.9401 -45.3978 26091.2
-89.9401 -45.3978 25920.8
-89.9401 -45.3978 27129
-89.9401 -45.3978 26196.1
-89.9401 -45.3978 26294.1
-89.9401 -45.3978 26200.3
-89.9401 -45.3978 26276.4
-89.9401 -45.3978 26952.4
-89.9401 -45.3978 26587.4
-89.9401 -45.3478 27796.7
-89.9401 -45.3478 27288.9
-89.9401 -45.3478 26384.5
-89.9401 -45.3478 27035.3
-89.9401 -45.3478 26494.1
-89.9401 -45.3478 27294.2
-89.9401 -45.3478 25669
-89.9401 -45.3478 26214.2
-89.9401 -45.3478 26820.4
-89.9401 -45.3478 27038.1
-89.9401 -45.2978 26420.8
-89.9401 -45.2978 26997.8
-89.9401 -45.2978 26249.5
-89.9401 -45.2978 26241.7
-89.9401 -45.2978 27489.3
-89.9401 -45.2978 26654.4
-89.9401 -45.2978 26183.4
-89.9401 -45.2978 27079.7
-89.9401 -45.2978 26431
-89.9401 -45.2978 25842.4
-89.9401 -45.2478 25552
-89.9401 -45.2478 26745.6
-89.9401 -45.2478 26324.2
-89.9401 -45.2478 26174.8
-89.9401 -45.2478 26170.3
-89.9401 -45.2478 26349.2
-89.9401 -45.2478 26625.3
-89.9401 -45.2478 27180.1
-89.9401 -45.2478 25975.4
-89.9401 -45.2478 26190.4
-89.9401 -45.1978 26305.7
-89.9401 -45.1978 25891.1
-89.9401 -45.1978 26682.6
-89.9401 -45.1978 26959.5
-89.9401 -45.1978 27123.1
-89.9401 -45.1978 26670
-89.9401 -45.1978 26906.1
-89.9401 -45.1978 26227.3
-89.9401 -45.1978 25346.6
-89.9401 -45.1978 26499.6
-89.9401 -45.1478 26776.1
-89.9401 -45.1478 26708
-89.9401 -45.1478 26540.6
-89.9401 -45.1478 26101.6
-89.9401 -45.1478 26721.8
-89.9401 -45.1478 26770.7
-89.9401 -45.1478 26324
-89.9401 -45.1478 25897.5
-89.9401 -45.1478 26850.3
-89.9401 -45.1478 26777.2
-89.9401 -45.0978 27579
-89.9401 -45.0978 27347.3
-89.9401 -45.0978 26186.3
-89.9401 -45.0978 26755.1
-89.9401 -45.0978 25964
-89.9401 -45.0978 26467.7
-89.9401 -45.0978 25701.3
-89.9401 -45.0978 26142.4
-89.9401 -45.0978 27190.5
-89.9401 -45.0978 27611
-89.9401 -45.0478 25982.2
-89.9401 -45.0478 26519.2
-89.9401 -45.0478 25755
-89.9401 -45.0478 27413
-89.9401 -45.0478 26934.3
-89.9401 -45.0478 26386
-89.9401 -45.0478 27979.9
-89.9401 -45.0478 27128.8
-89.9401 -45.0478 27273.2
-89.9401 -45.0478 26458.5
-89.9401 -44.9978 26114.5
-89.9401 -44.9978 26520.2
-89.9401 -44.9978 27727.2
-89.9401 -44.9978 26264.4
-89.9401 -44.9978 26921
-89.9401 -44.9978 26589.3
-89.9401 -44.9978 26603.5
-89.9401 -44.9978 26745
-89.9401 -44.9978 27835.6
-89.9401 -44.9978 27404.3
-89.9401 -44.9478 27310.8
-89.9401 -44.9478 26303.9
-89.9401 -44.9478 26721.1
-89.9401 -44.9478 27168
-89.9401 -44.9478 27561.4
-89.9401 -44.9478 27466.9
-89.9401 -44.9478 27490.5
-89.9401 -44.9478 27427.3
-89.9401 -44.9478 26275.5
-89.9401 -44.9478 27580.2
-89.9401 -44.8978 27187.2
-89.9401 -44.8978 26778.4
-89.9401 -44.8978 27238
-89.9401 -44.8978 27460.3
-89.9401 -44.8978 26960.7
-89.9401 -44.8978 27018.7
-89.9401 -44.8978 27440.4
-89.9401 -44.8978 27052.1
-89.9401 -44.8978 27002.1
-89.9401 -44.8978 26952.4
-89.9401 -44.8478 28097.6
-89.9401 -44.8478 26706.2
-89.9401 -44.8478 26803
-89.9401 -44.8478 27128.2
-89.9401 -44.8478 26951.4
-89.9401 -44.8478 27789.9
-89.9401 -44.8478 27967.4
-89.9401 -44.8478 27351.3
-89.9401 -44.8478 27463.6
-89.9401 -44.8478 27894.1
-89.9401 -44.7978 27747.4
-89.9401 -44.7978 26890.6
-89.9401 -44.7978 27491
-89.9401 -44.7978 27947.9
-89.9401 -44.7978 27790.5
-89.9401 -44.7978 28217.1
-89.9401 -44.7978 27564
-89.9401 -44.7978 26782.9
-89.9401 -44.7978 27062.6
-89.9401 -44.7978 27129.2
-89.9401 -44.7478 27053.9
-89.9401 -44.7478 28198.9
-89.9401 -44.7478 26608.3
-89.9401 -44.7478 26624.7
-89.9401 -44.7478 28413.2
-89.9401 -44.7478 27139.7
-89.9401 -44.7478 27451.8
-89.9401 -44.7478 26863.1
-89.9401 -44.7478 27289.6
-89.9401 -44.7478 27513.4
-89.9401 -44.6978 27056.3
-89.9401 -44.6978 27347.7
-89.9401 -44.6978 27841.8
-89.9401 -44.6978 27463.8
-89.9401 -44.6978 27271.8
-89.9401 -44.6978 27109.7
-89.9401 -44.6978 27937.7
-89.9401 -44.6978 27718.3
-89.9401 -44.6978 28421.1
-89.9401 -44.6978 26447.8
-89.9401 -44.6478 27170.7
-89.9401 -44.6478 27265
-89.9401 -44.6478 27225.6
-89.9401 -44.6478 28320.5
-89.9401 -44.6478 27832
-89.9401 -44.6478 26659.2
-89.9401 -44.6478 28173.6
-89.9401 -44.6478 27668.1
-89.9401 -44.6478 27841.6
-89.9401 -44.6478 27774.3
-89.9401 -44.5978 27370.1
-89.9401 -44.5978 27455.2
-89.9401 -44.5978 27603.5
-89.9401 -44.5978 27133.3
-89.9401 -44.5978 27384.1
-89.9401 -44.5978 26894.2
-89.9401 -44.5978 27276.4
-89.9401 -44.5978 27129.1
-89.9401 -44.5978 26841
-89.9401 -44.5978 27915
-89.9401 -44.5478 26676.7
-89.9401 -44.5478 28010.1
-89.9401 -44.5478 27265.4
-89.9401 -44.5478 26910
-89.9401 -44.5478 27312.8
-89.9401 -44.5478 27086.9
-89.9401 -44.5478 26886.2
-89.9401 -44.5478 27145.8
-89.9401 -44.5478 27457.5
-89.9401 -44.5478 27330.2
-89.9401 -44.4978 27795.4
-89.9401 -44.4978 27383.5
-89.9401 -44.4978 27119.8
-89.9401 -44.4978 26512.8
-89.9401 -44.4978 27818.9
-89.9401 -44.4978 26588
-89.9401 -44.4978 26943.8
-89.9401 -44.4978 27795.9
-89.9401 -44.4978 28771.7
-89.9401 -44.4978 26962.5
-89.9401 -44.4478 27766.9
-89.9401 -44.4478 27889.3
-89.9401 -44.4478 27437.6
-89.9401 -44.4478 27352.8
-89.9401 -44.4478 28351.8
-89.9401 -44.4478 27299.7
-89.9401 -44.4478 27065.1
-89.9401 -44.4478 27366.2
-89.9401 -44.4478 27200.8
-89.9401 -44.4478 27085.2
-89.9401 -44.3978 27228.2
-89.9401 -44.3978 27530.8
-89.9401 -44.3978 27868.3
-89.9401 -44.3978 26804.2
-89.9401 -44.3978 26982.8
-89.9401 -44.3978 27976.1
-89.9401 -44.3978 26571.5
-89.9401 -44.3978 27046.5
-89.9401 -44.3978 27056
-89.9401 -44.3978 26744
-89.9401 -44.3478 27149.1
-89.9401 -44.3478 26982.5
-89.9401 -44.3478 27831.5
-89.9401 -44.3478 27575.2
-89.9401 -44.3478 27122.8
-89.9401 -44.3478 27731.3
-89.9401 -44.3478 27868
-89.9401 -44.3478 28026.3
-89.9401 -44.3478 27107.1
-89.9401 -44.3478 27172.9
-89.9401 -44.2978 27831.7
-89.9401 -44.2978 27378.7
-89.9401 -44.2978 26555.5
-89.9401 -44.2978 0
-89.9401 -44.2978 27204.2
-89.9401 -44.2978 27993.4
-89.9401 -44.2978 26688.4
-89.9401 -44.2978 26866.1
-89.9401 -44.2978 26470.3
-89.9401 -44.2978 26906.1
-89.9401 -44.2478 27380.6
-89.9401 -44.2478 27540.3
-89.9401 -44.2478 27635.8
-89.9401 -44.2478 27397.2
-89.9401 -44.2478 26718.3
-89.9401 -44.2478 27300.5
-89.9401 -44.2478 26392.6
-89.9401 -44.2478 26615.4
-89.9401 -44.2478 26341.5
-89.9401 -44.2478 26528.3
-89.9401 -44.1978 27268
-89.9401 -44.1978 25867.1
-89.9401 -44.1978 25987.5
-89.9401 -44.1978 26894.6
-89.9401 -44.1978 27225.6
-89.9401 -44.1978 27011.5
-89.9401 -44.1978 26834.7
-89.9401 -44.1978 26388.7
-89.9401 -44.1978 27917.6
-89.9401 -44.1978 27389.4
-89.9401 -44.1478 26388.8
-89.9401 -44.1478 26646.3
-89.9401 -44.1478 27726.1
-89.9401 -44.1478 26581.1
-89.9401 -44.1478 25922.7
-89.9401 -44.1478 26715
-89.9401 -44.1478 27517.4
-89.9401 -44.1478 26744.5
-89.9401 -44.1478 26802
-89.9401 -44.1478 25829.8
-89.9401 -44.0978 25305.4
-89.9401 -44.0978 27393.8
-89.9401 -44.0978 26219.5
-89.9401 -44.0978 26041.8
-89.9401 -44.0978 26687.9
-89.9401 -44.0978 26620.2
-89.9401 -44.0978 25626.1
-89.9401 -44.0978 25985.1
-89.9401 -44.0978 26607.9
-89.9401 -44.0978 25779
-89.9401 -44.0478 25791.4
-89.9401 -44.0478 26235.3
-89.9401 -44.0478 26051.7
-89.9401 -44.0478 25531.1
-89.9401 -44.0478 26128.9
-89.9401 -44.0478 26751.6
-89.9401 -44.0478 25748.4
-89.9401 -44.0478 25063.1
-89.9401 -44.0478 26569.1
-89.9401 -44.0478 25751.8
-89.9401 -43.9978 24967.9
-89.9401 -43.9978 24361.1
-89.9401 -43.9978 25292.3
-89.9401 -43.9978 24895.5
-89.9401 -43.9978 26550.5
-89.9401 -43.9978 24751.6
-89.9401 -43.9978 24917.8
-89.9401 -43.9978 24834.7
-89.9401 -43.9978 24482.2
-89.9401 -43.9978 24972.5
-89.9401 -43.9478 24203.9
-89.9401 -43.9478 24286.2
-89.9401 -43.9478 23305
-89.9401 -43.9478 23907.1
-89.9401 -43.9478 24108.6
-89.9401 -43.9478 23582.7
-89.9401 -43.9478 23053.1
-89.9401 -43.9478 23507.6
-89.9401 -43.9478 24170.6
-89.9401 -43.9478 23977
-89.9401 -43.8978 21719.4
-89.9401 -43.8978 21939.8
-89.9401 -43.8978 21978.8
-89.9401 -43.8978 22269.5
-89.9401 -43.8978 21128.3
-89.9401 -43.8978 22155.2
-89.9401 -43.8978 22073.1
-89.9401 -43.8978 22363.8
-89.9401 -43.8978 21480.8
-89.9401 -43.8978 21532.1
-89.9401 -43.8478 19758.2
-89.9401 -43.8478 20549
-89.9401 -43.8478 21059
-89.9401 -43.8478 20050.3
-89.9401 -43.8478 20037.5
-89.9401 -43.8478 19425
-89.9401 -43.8478 20639.2
-89.9401 -43.8478 19298
-89.9401 -43.8478 20250.9
-89.9401 -43.8478 19976.8
-89.9401 -43.7978 17345.9
-89.9401 -43.7978 17597.4
-89.9401 -43.7978 17845.8
-89.9401 -43.7978 17466.5
-89.9401 -43.7978 16603.4
-89.9401 -43.7978 16937.4
-89.9401 -43.7978 17581.3
-89.9401 -43.7978 17124.9
-89.9401 -43.7978 17759.9
-89.9401 -43.7978 17214.9
-89.9401 -43.7478 15083
-89.9401 -43.7478 14587.5
-89.9401 -43.7478 14240.9
-89.9401 -43.7478 14693.6
-89.9401 -43.7478 14226.5
-89.9401 -43.7478 14107.7
-89.9401 -43.7478 13645
-89.9401 -43.7478 14826.1
-89.9401 -43.7478 13872.4
-89.9401 -43.7478 14937.8
-89.9401 -43.6978 11023.1
-89.9401 -43.6978 11352.7
-89.9401 -43.6978 11624.1
-89.9401 -43.6978 11315.2
-89.9401 -43.6978 11478.2
-89.9401 -43.6978 11037
-89.9401 -43.6978 11162.3
-89.9401 -43.6978 11442.9
-89.9401 -43.6978 11344.3
-89.9401 -43.6978 11370.6
-89.9401 -43.6478 9250.1
-89.9401 -43.6478 9195.42
-89.9401 -43.6478 9072.62
-89.9401 -43.6478 9247.08
-89.9401 -43.6478 8637.31
-89.9401 -43.6478 8776.39
-89.9401 -43.6478 9250.33
-89.9401 -43.6478 8661.58
-89.9401 -43.6478 8597.93
-89.9401 -43.6478 9353.6
-89.9401 -43.5978 7259.69
-89.9401 -43.5978 6879.09
-89.9401 -43.5978 6647.23
-89.9401 -43.5978 6811.86
-89.9401 -43.5978 6950.79
-89.9401 -43.5978 6790.29
-89.9401 -43.5978 6905.34
-89.9401 -43.5978 6418.03
-89.9401 -43.5978 6788.05
-89.9401 -43.5978 6467.78
-89.9401 -43.5478 5352.51
-89.9401 -43.5478 5180.57
-89.9401 -43.5478 5357.32
-89.9401 -43.5478 5453.43
-89.9401 -43.5478 5358.73
-89.9401 -43.5478 5059.15
-89.9401 -43.5478 4842.58
-89.9401 -43.5478 4890.48
-89.9401 -43.5478 4999.75
-89.9401 -43.5478 5204.54
-89.9401 -43.4978 3905.03
-89.9401 -43.4978 3638.2
-89.9401 -43.4978 3859.63
-89.9401 -43.4978 3845.99
-89.9401 -43.4978 4042.66
-89.9401 -43.4978 4055.76
-89.9401 -43.4978 3757.7
-89.9401 -43.4978 3861.54
-89.9401 -43.4978 3732.42
-89.9401 -43.4978 3498.31
-89.9401 -43.4478 2909.35
-89.9401 -43.4478 3097.97
-89.9401 -43.4478 2591.17
-89.9401 -43.4478 2942.53
-89.9401 -43.4478 3081.83
-89.9401 -43.4478 3086.33
-89.9401 -43.4478 2779.98
-89.9401 -43.4478 2955.7
-89.9401 -43.4478 2758.56
-89.9401 -43.4478 2850.21
-89.9401 -43.3978 2501.74
-89.9401 -43.3978 2344.51
-89.9401 -43.3978 2356.25
-89.9401 -43.3978 2250.47
-89.9401 -43.3978 2261.12
-89.9401 -43.3978 2481.08
-89.9401 -43.3978 2110.23
-89.9401 -43.3978 2255.22
-89.9401 -43.3978 2460.32
-89.9401 -43.3978 2093.87
-89.9401 -43.3478 2287.69
-89.9401 -43.3478 1872.51
-89.9401 -43.3478 1958.15
-89.9401 -43.3478 2044.68
-89.9401 -43.3478 1947.42
-89.9401 -43.3478 1773.92
-89.9401 -43.3478 2031.8
-89.9401 -43.3478 1643.71
-89.9401 -43.3478 1753.46
-89.9401 -43.3478 1944.6
-89.9401 -43.2978 1688.44
-89.9401 -43.2978 1809.89
-89.9401 -43.2978 1708.03
-89.9401 -43.2978 1553.53
-89.9401 -43.2978 1613.44
-89.9401 -43.2978 1749.66
-89.9401 -43.2978 1665.28
-89.9401 -43.2978 1737.17
-89.9401 -43.2978 1818.45
-89.9401 -43.2978 1822.15
-89.9401 -43.2478 1490.23
-89.9401 -43.2478 1383.72
-89.9401 -43.2478 1388.62
-89.9401 -43.2478 1653.1
-89.9401 -43.2478 1506.09
-89.9401 -43.2478 1506.34
-89.9401 -43.2478 1431.76
-89.9401 -43.2478 1551.54
-89.9401 -43.2478 1338.8
-89.9401 -43.2478 1642.08
-89.9401 -43.1978 1355.79
-89.9401 -43.1978 1329.8
-89.9401 -43.1978 1443.14
-89.9401 -43.1978 1531.96
-89.9401 -43.1978 1362.59
-89.9401 -43.1978 1514.88
-89.9401 -43.1978 1263.8
-89.9401 -43.1978 1478.3
-89.9401 -43.1978 1466.26
-89.9401 -43.1978 1442.47
-89.9401 -43.1478 1586.29
-89.9401 -43.1478 1277.22
-89.9401 -43.1478 1322.32
-89.9401 -43.1478 1297.43
-89.9401 -43.1478 1372.68
-89.9401 -43.1478 1375.69
-89.9401 -43.1478 1521.42
-89.9401 -43.1478 1271.79
-89.9401 -43.1478 1395.71
-89.9401 -43.1478 1484.01
-89.9401 -43.0978 1572.7
-89.9401 -43.0978 1337.18
-89.9401 -43.0978 1305.36
-89.9401 -43.0978 1537.38
-89.9401 -43.0978 1515.44
-89.9401 -43.0978 1431.21
-89.9401 -43.0978 1468.75
-89.9401 -43.0978 1487.15
-89.9401 -43.0978 1523.25
-89.9401 -43.0978 1376.85
-89.9401 -43.0478 1479.56
-89.9401 -43.0478 1580.99
-89.9401 -43.0478 1332.91
-89.9401 -43.0478 1262.81
-89.9401 -43.0478 1503.71
-89.9401 -43.0478 1264.92
-89.9401 -43.0478 1111.79
-89.9401 -43.0478 1417.71
-89.9401 -43.0478 1241.47
-89.9401 -43.0478 1508.19
-89.9401 -42.9978 1462.9
-89.9401 -42.9978 1366.91
-89.9401 -42.9978 1306.5
-89.9401 -42.9978 1257.09
-89.9401 -42.9978 1548.42
-89.9401 -42.9978 1375.49
-89.9401 -42.9978 1368.25
-89.9401 -42.9978 1275.65
-89.9401 -42.9978 1560.22
-89.9401 -42.9978 1489.12
-89.9401 -42.9478 1418.01
-89.9401 -42.9478 1429.25
-89.9401 -42.9478 1401.86
-89.9401 -42.9478 1494.16
-89.9401 -42.9478 1144.87
-89.9401 -42.9478 1392.4
-89.9401 -42.9478 1297.43
-89.9401 -42.9478 1123.51
-89.9401 -42.9478 1396.07
-89.9401 -42.9478 1314.59
-89.9401 -42.8978 1243.06
-89.9401 -42.8978 1356.65
-89.9401 -42.8978 1264.05
-89.9401 -42.8978 1513.74
-89.9401 -42.8978 1367.62
-89.9401 -42.8978 1345.05
-89.9401 -42.8978 1267.73
-89.9401 -42.8978 1378.57
-89.9401 -42.8978 1420.49
-89.9401 -42.8978 1169.95
-89.9401 -42.8478 1209.82
-89.9401 -42.8478 1384.49
-89.9401 -42.8478 1292.35
-89.9401 -42.8478 1313.57
-89.9401 -42.8478 1220.07
-89.9401 -42.8478 1202.05
-89.9401 -42.8478 1499.46
-89.9401 -42.8478 1310.05
-89.9401 -42.8478 1324.12
-89.9401 -42.8478 1440.09
-89.9401 -42.7978 1376.51
-89.9401 -42.7978 1367.02
-89.9401 -42.7978 1378.66
-89.9401 -42.7978 1463.54
-89.9401 -42.7978 1568.46
-89.9401 -42.7978 1337.59
-89.9401 -42.7978 1421.35
-89.9401 -42.7978 1500.6
-89.9401 -42.7978 1391.79
-89.9401 -42.7978 1247.92
-89.9401 -42.7478 1346.4
-89.9401 -42.7478 1521.77
-89.9401 -42.7478 1266.73
-89.9401 -42.7478 1290.4
-89.9401 -42.7478 1525.66
-89.9401 -42.7478 1297.59
-89.9401 -42.7478 1565.12
-89.9401 -42.7478 1399.67
-89.9401 -42.7478 1292.86
-89.9401 -42.7478 1219.98
-89.9401 -42.6978 1300.53
-89.9401 -42.6978 1359.26
-89.9401 -42.6978 1430.8
-89.9401 -42.6978 1264.32
-89.9401 -42.6978 1209.32
-89.9401 -42.6978 1504.84
-89.9401 -42.6978 1189.31
-89.9401 -42.6978 1428.27
-89.9401 -42.6978 1108.23
-89.9401 -42.6978 1263.58
-89.9401 -42.6478 1308.09
-89.9401 -42.6478 1369.49
-89.9401 -42.6478 1429
-89.9401 -42.6478 1187
-89.9401 -42.6478 1442.53
-89.9401 -42.6478 1405.11
-89.9401 -42.6478 1188.7
-89.9401 -42.6478 1347.94
-89.9401 -42.6478 1429.97
-89.9401 -42.6478 1376.43
-89.9401 -42.5978 1100.9
-89.9401 -42.5978 1266.21
-89.9401 -42.5978 1456.38
-89.9401 -42.5978 1254.66
-89.9401 -42.5978 1452.98
-89.9401 -42.5978 1150.2
-89.9401 -42.5978 1242.98
-89.9401 -42.5978 1428.4
-89.9401 -42.5978 1267.19
-89.9401 -42.5978 1322.06
-89.9401 -42.5478 1498.16
-89.9401 -42.5478 1215.7
-89.9401 -42.5478 1207.06
-89.9401 -42.5478 1315.97
-89.9401 -42.5478 1525.75
-89.9401 -42.5478 1284.74
-89.9401 -42.5478 1282.89
-89.9401 -42.5478 1292.42
-89.9401 -42.5478 1460.92
-89.9401 -42.5478 1496.11
-89.9401 -42.4978 1324.97
-89.9401 -42.4978 1143.7
-89.9401 -42.4978 1397.77
-89.9401 -42.4978 1276.41
-89.9401 -42.4978 1414.64
-89.9401 -42.4978 1276.59
-89.9401 -42.4978 1311.65
-89.9401 -42.4978 1665.72
-89.9401 -42.4978 1313.61
-89.9401 -42.4978 1106.35
-89.9401 -42.4478 1371.13
-89.9401 -42.4478 1212.78
-89.9401 -42.4478 1119.25
-89.9401 -42.4478 1284.44
-89.9401 -42.4478 1330.68
-89.9401 -42.4478 1216.58
-89.9401 -42.4478 1153.87
-89.9401 -42.4478 1564.72
-89.9401 -42.4478 1362.28
-89.9401 -42.4478 1317.88
-89.9401 -42.3978 1217.33
-89.9401 -42.3978 0
-89.9401 -42.3978 1305.45
-89.9401 -42.3978 1237.81
-89.9401 -42.3978 1401.86
-89.9401 -42.3978 1373.37
-89.9401 -42.3978 1174.74
-89.9401 -42.3978 1180.94
-89.9401 -42.3978 1303.53
-89.9401 -42.3978 1303.84
-89.9401 -42.3478 1258.94
-89.9401 -42.3478 1415.57
-89.9401 -42.3478 1226.14
-89.9401 -42.3478 1400.53
-89.9401 -42.3478 1260.02
-89.9401 -42.3478 1217.59
-89.9401 -42.3478 1286.97
-89.9401 -42.3478 1300.44
-89.9401 -42.3478 1241.62
-89.9401 -42.3478 1303.85
-89.9401 -42.2978 1284.93
-89.9401 -42.2978 1288.62
-89.9401 -42.2978 1400.83
-89.9401 -42.2978 1297.49
-89.9401 -42.2978 1125.09
-89.9401 -42.2978 1122.88
-89.9401 -42.2978 1469.38
-89.9401 -42.2978 1259.61
-89.9401 -42.2978 1333.79
-89.9401 -42.2978 1461.01
-89.9401 -42.2478 1238.72
-89.9401 -42.2478 1265
-89.9401 -42.2478 1286.69
-89.9401 -42.2478 1245.77
-89.9401 -42.2478 0
-89.9401 -42.2478 1267.17
-89.9401 -42.2478 1418.68
-89.9401 -42.2478 1245.06
-89.9401 -42.2478 1134.45
-89.9401 -42.2478 1493.77
