-89.9401 -48.2478 1250.81
-89.9401 -48.2478 1264.57
-89.9401 -48.2478 1442.27
-89.9401 -48.2478 1392.5
-89.9401 -48.2478 1324.63
-89.9401 -48.2478 1208.77
-89.9401 -48.2478 1334.84
-89.9401 -48.2478 1373.02
-89.9401 -48.2478 1360.25
-89.9401 -48.2478 1213.49
-89.9401 -48.1978 1369.57
-89.9401 -48.1978 1191.74
-89.9401 -48.1978 1478.67
-89.9401 -48.1978 1429.34
-89.9401 -48.1978 1517.53
-89.9401 -48.1978 1253.6
-89.9401 -48.1978 1443.52
-89.9401 -48.1978 1538.63
-89.9401 -48.1978 1177.54
-89.9401 -48.1978 1264.47
-89.9401 -48.1478 1469.73
-89.9401 -48.1478 1293.9
-89.9401 -48.1478 1427.67
-89.9401 -48.1478 1298.48
-89.9401 -48.1478 1275.51
-89.9401 -48.1478 1304.27
-89.9401 -48.1478 1542.12
-89.9401 -48.1478 1471.76
-89.9401 -48.1478 1451.82
-89.9401 -48.1478 1553.78
-89.9401 -48.0978 1359.36
-89.9401 -48.0978 1311.45
-89.9401 -48.0978 1443.21
-89.9401 -48.0978 1356.31
-89.9401 -48.0978 1369.81
-89.9401 -48.0978 1362.07
-89.9401 -48.0978 1460.45
-89.9401 -48.0978 1273.93
-89.9401 -48.0978 1432.28
-89.9401 -48.0978 1317.88
-89.9401 -48.0478 1257.38
-89.9401 -48.0478 1184.83
-89.9401 -48.0478 1521
-89.9401 -48.0478 1621.07
-89.9401 -48.0478 1393.74
-89.9401 -48.0478 1527.65
-89.9401 -48.0478 1587.2
-89.9401 -48.0478 1228.5
-89.9401 -48.0478 1430.8
-89.9401 -48.0478 1669.05
-89.9401 -47.9978 1119.98
-89.9401 -47.9978 1279.19
-89.9401 -47.9978 1254.22
-89.9401 -47.9978 1505.81
-89.9401 -47.9978 1482.01
-89.9401 -47.9978 1479.43
-89.9401 -47.9978 1421.08
-89.9401 -47.9978 1161.63
-89.9401 -47.9978 1479.66
-89.9401 -47.9978 1549.44
-89.9401 -47.9478 1228.94
-89.9401 -47.9478 1313.91
-89.9401 -47.9478 1479.05
-89.9401 -47.9478 1474.19
-89.9401 -47.9478 1500.04
-89.9401 -47.9478 1488.69
-89.9401 -47.9478 1354.16
-89.9401 -47.9478 1402.88
-89.9401 -47.9478 1413.48
-89.9401 -47.9478 1312.14
-89.9401 -47.8978 1496.56
-89.9401 -47.8978 1408.25
-89.9401 -47.8978 1453.92
-89.9401 -47.8978 1574.43
-89.9401 -47.8978 1421.88
-89.9401 -47.8978 1244.26
-89.9401 -47.8978 1401.81
-89.9401 -47.8978 1489.35
-89.9401 -47.8978 1325.37
-89.9401 -47.8978 1507.47
-89.9401 -47.8478 1595.97
-89.9401 -47.8478 0
-89.9401 -47.8478 1530.29
-89.9401 -47.8478 1642.12
-89.9401 -47.8478 1483.35
-89.9401 -47.8478 1491.51
-89.9401 -47.8478 1364.43
-89.9401 -47.8478 1305.37
-89.9401 -47.8478 1333.79
-89.9401 -47.8478 1344
-89.9401 -47.7978 1450.71
-89.9401 -47.7978 1326.45
-89.9401 -47.7978 1352.63
-89.9401 -47.7978 1584.68
-89.9401 -47.7978 1500.3
-89.9401 -47.7978 1341.13
-89.9401 -47.7978 1339.97
-89.9401 -47.7978 1430.4
-89.9401 -47.7978 1227.84
-89.9401 -47.7978 1284.51
-89.9401 -47.7478 1510.87
-89.9401 -47.7478 1418.94
-89.9401 -47.7478 1280.46
-89.9401 -47.7478 1496.41
-89.9401 -47.7478 1477.86
-89.9401 -47.7478 1423.5
-89.9401 -47.7478 1311.25
-89.9401 -47.7478 1375.37
-89.9401 -47.7478 1385.59
-89.9401 -47.7478 1411.49
-89.9401 -47.6978 1537.82
-89.9401 -47.6978 1451.34
-89.9401 -47.6978 1591
-89.9401 -47.6978 1565.53
-89.9401 -47.6978 1408.12
-89.9401 -47.6978 1384.46
-89.9401 -47.6978 1303.01
-89.9401 -47.6978 1380.25
-89.9401 -47.6978 1402.65
-89.9401 -47.6978 1487.17
-89.9401 -47.6478 1381.36
-89.9401 -47.6478 1472.02
-89.9401 -47.6478 1298.55
-89.9401 -47.6478 1413.1
-89.9401 -47.6478 1497.26
-89.9401 -47.6478 1541.8
-89.9401 -47.6478 1423.16
-89.9401 -47.6478 1442.25
-89.9401 -47.6478 1455.82
-89.9401 -47.6478 1552.21
-89.9401 -47.5978 1462
-89.9401 -47.5978 1464.43
-89.9401 -47.5978 1369.36
-89.9401 -47.5978 1379.88
-89.9401 -47.5978 1507.95
-89.9401 -47.5978 1304.83
-89.9401 -47.5978 1465.41
-89.9401 -47.5978 1652.49
-89.9401 -47.5978 1634.48
-89.9401 -47.5978 1279.23
-89.9401 -47.5478 1354.26
-89.9401 -47.5478 1364.11
-89.9401 -47.5478 1200.01
-89.9401 -47.5478 1312.32
-89.9401 -47.5478 1410.73
-89.9401 -47.5478 1423.12
-89.9401 -47.5478 1448.99
-89.9401 -47.5478 1409.46
-89.9401 -47.5478 1354.16
-89.9401 -47.5478 1326.1
-89.9401 -47.4978 1333.11
-89.9401 -47.4978 1569.35
-89.9401 -47.4978 1557.69
-89.9401 -47.4978 1632.12
-89.9401 -47.4978 1591.72
-89.9401 -47.4978 1448.48
-89.9401 -47.4978 1345.59
-89.9401 -47.4978 1459.84
-89.9401 -47.4978 1389.26
-89.9401 -47.4978 1610.38
-89.9401 -47.4478 1441.23
-89.9401 -47.4478 1566.09
-89.9401 -47.4478 1421.4
-89.9401 -47.4478 1560.34
-89.9401 -47.4478 1537.05
-89.9401 -47.4478 1447.12
-89.9401 -47.4478 1199.14
-89.9401 -47.4478 1391.56
-89.9401 -47.4478 1555.89
-89.9401 -47.4478 1385.12
-89.9401 -47.3978 1689.37
-89.9401 -47.3978 1459.14
-89.9401 -47.3978 1444.21
-89.9401 -47.3978 1474.13
-89.9401 -47.3978 1501.55
-89.9401 -47.3978 1454.43
-89.9401 -47.3978 1304.23
-89.9401 -47.3978 1552.23
-89.9401 -47.3978 1457.8
-89.9401 -47.3978 1219.21
-89.9401 -47.3478 1573.6
-89.9401 -47.3478 1469.46
-89.9401 -47.3478 1399.66
-89.9401 -47.3478 1443.63
-89.9401 -47.3478 1440.32
-89.9401 -47.3478 1341.07
-89.9401 -47.3478 1606.42
-89.9401 -47.3478 1361.01
-89.9401 -47.3478 1475.2
-89.9401 -47.3478 1536.25
-89.9401 -47.2978 1332.42
-89.9401 -47.2978 1229.97
-89.9401 -47.2978 1414.5
-89.9401 -47.2978 1435.71
-89.9401 -47.2978 1284.76
-89.9401 -47.2978 1408.09
-89.9401 -47.2978 1581.22
-89.9401 -47.2978 1484.27
-89.9401 -47.2978 1588.02
-89.9401 -47.2978 1549.77
-89.9401 -47.2478 1636.53
-89.9401 -47.2478 1636.38
-89.9401 -47.2478 1557.5
-89.9401 -47.2478 1703.19
-89.9401 -47.2478 1601.9
-89.9401 -47.2478 1608.74
-89.9401 -47.2478 1445.75
-89.9401 -47.2478 1556.67
-89.9401 -47.2478 1715.76
-89.9401 -47.2478 1451.45
-89.9401 -47.1978 1941.25
-89.9401 -47.1978 1692.07
-89.9401 -47.1978 1756.01
-89.9401 -47.1978 1623.81
-89.9401 -47.1978 1983.53
-89.9401 -47.1978 1911.05
-89.9401 -47.1978 1545.89
-89.9401 -47.1978 1459.43
-89.9401 -47.1978 1740.35
-89.9401 -47.1978 1687.38
-89.9401 -47.1478 1993.76
-89.9401 -47.1478 1995.15
-89.9401 -47.1478 1707.33
-89.9401 -47.1478 1876.61
-89.9401 -47.1478 1812.05
-89.9401 -47.1478 1785.02
-89.9401 -47.1478 1692.39
-89.9401 -47.1478 1848.89
-89.9401 -47.1478 1775.22
-89.9401 -47.1478 2041.41
-89.9401 -47.0978 1928.98
-89.9401 -47.0978 2081.24
-89.9401 -47.0978 2101.95
-89.9401 -47.0978 2184.9
-89.9401 -47.0978 2006.38
-89.9401 -47.0978 2322.15
-89.9401 -47.0978 2263.15
-89.9401 -47.0978 2151.83
-89.9401 -47.0978 2194.8
-89.9401 -47.0978 2251.79
-89.9401 -47.0478 2635.84
-89.9401 -47.0478 2596.59
-89.9401 -47.0478 2618.27
-89.9401 -47.0478 2335.13
-89.9401 -47.0478 2761.42
-89.9401 -47.0478 2839.41
-89.9401 -47.0478 2947.72
-89.9401 -47.0478 3120.46
-89.9401 -47.0478 2841.97
-89.9401 -47.0478 3039.39
-89.9401 -46.9978 3898.9
-89.9401 -46.9978 3873.17
-89.9401 -46.9978 3653.49
-89.9401 -46.9978 3681.64
-89.9401 -46.9978 3973.04
-89.9401 -46.9978 3832.58
-89.9401 -46.9978 3907.76
-89.9401 -46.9978 3467.5
-89.9401 -46.9978 3536.7
-89.9401 -46.9978 3627.25
-89.9401 -46.9478 4606.33
-89.9401 -46.9478 4505.45
-89.9401 -46.9478 4952.08
-89.9401 -46.9478 4962.83
-89.9401 -46.9478 4906.82
-89.9401 -46.9478 5026.59
-89.9401 -46.9478 4532.89
-89.9401 -46.9478 4737.27
-89.9401 -46.9478 5053.98
-89.9401 -46.9478 4921.45
-89.9401 -46.8978 6890.33
-89.9401 -46.8978 6826.86
-89.9401 -46.8978 6999.13
-89.9401 -46.8978 6475.3
-89.9401 -46.8978 6629.14
-89.9401 -46.8978 6665.62
-89.9401 -46.8978 6984.55
-89.9401 -46.8978 6731.25
-89.9401 -46.8978 6062.99
-89.9401 -46.8978 6840.56
-89.9401 -46.8478 8645.55
-89.9401 -46.8478 8900.8
-89.9401 -46.8478 8849.48
-89.9401 -46.8478 8659.26
-89.9401 -46.8478 8832.53
-89.9401 -46.8478 8737.44
-89.9401 -46.8478 8497.33
-89.9401 -46.8478 8779.57
-89.9401 -46.8478 8414.53
-89.9401 -46.8478 8843.06
-89.9401 -46.7978 10800.4
-89.9401 -46.7978 11223.7
-89.9401 -46.7978 11926.7
-89.9401 -46.7978 11561.3
-89.9401 -46.7978 11262.6
-89.9401 -46.7978 11905.6
-89.9401 -46.7978 11866.6
-89.9401 -46.7978 11147.9
-89.9401 -46.7978 11723.8
-89.9401 -46.7978 11551.2
-89.9401 -46.7478 14256.7
-89.9401 -46.7478 14093
-89.9401 -46.7478 14170.3
-89.9401 -46.7478 14561.5
-89.9401 -46.7478 13731.2
-89.9401 -46.7478 14775.1
-89.9401 -46.7478 14739.8
-89.9401 -46.7478 14432.8
-89.9401 -46.7478 14187.4
-89.9401 -46.7478 13993.3
-89.9401 -46.6978 17478.2
-89.9401 -46.6978 16749.4
-89.9401 -46.6978 17630.6
-89.9401 -46.6978 17546
-89.9401 -46.6978 17227.1
-89.9401 -46.6978 17349.3
-89.9401 -46.6978 17365
-89.9401 -46.6978 16754.6
-89.9401 -46.6978 17461.2
-89.9401 -46.6978 17639.2
-89.9401 -46.6478 20173.8
-89.9401 -46.6478 20136.4
-89.9401 -46.6478 19841.6
-89.9401 -46.6478 20516.3
-89.9401 -46.6478 20097.6
-89.9401 -46.6478 20074.1
-89.9401 -46.6478 20069.2
-89.9401 -46.6478 19823.1
-89.9401 -46.6478 19855.9
-89.9401 -46.6478 19486.9
-89.9401 -46.5978 22625.5
-89.9401 -46.5978 20631
-89.9401 -46.5978 21391.5
-89.9401 -46.5978 21924.2
-89.9401 -46.5978 21295.1
-89.9401 -46.5978 21871.9
-89.9401 -46.5978 21432.8
-89.9401 -46.5978 22546.3
-89.9401 -46.5978 22372.9
-89.9401 -46.5978 22088.3
-89.9401 -46.5478 0
-89.9401 -46.5478 23142.9
-89.9401 -46.5478 22888.7
-89.9401 -46.5478 23431.4
-89.9401 -46.5478 22566.6
-89.9401 -46.5478 22695.3
-89.9401 -46.5478 23791.4
-89.9401 -46.5478 23183.3
-89.9401 -46.5478 22783.7
-89.9401 -46.5478 23008.9
-89.9401 -46.4978 25170.3
-89.9401 -46.4978 25151.6
-89.9401 -46.4978 24128.5
-89.9401 -46.4978 24960.5
-89.9401 -46.4978 24343.1
-89.9401 -46.4978 24870.2
-89.9401 -46.4978 24812.8
-89.9401 -46.4978 24653.7
-89.9401 -46.4978 25387.1
-89.9401 -46.4978 25230.6
-89.9401 -46.4478 25268
-89.9401 -46.4478 25977.7
-89.9401 -46.4478 27495.5
-89.9401 -46.4478 27148
-89.9401 -46.4478 26570.2
-89.9401 -46.4478 26171.4
-89.9401 -46.4478 25718
-89.9401 -46.4478 25920.1
-89.9401 -46.4478 25340.2
-89.9401 -46.4478 25490.3
-89.9401 -46.3978 26473.6
-89.9401 -46.3978 25351.2
-89.9401 -46.3978 26643.4
-89.9401 -46.3978 25499.8
-89.9401 -46.3978 26289
-89.9401 -46.3978 26490.1
-89.9401 -46.3978 28160.8
-89.9401 -46.3978 27186.9
-89.9401 -46.3978 26288.1
-89.9401 -46.3978 27176.8
-89.9401 -46.3478 26302.9
-89.9401 -46.3478 27393.6
-89.9401 -46.3478 26628.6
-89.9401 -46.3478 25869.1
-89.9401 -46.3478 26655.2
-89.9401 -46.3478 26344
-89.9401 -46.3478 27328.2
-89.9401 -46.3478 26379.4
-89.9401 -46.3478 27147.6
-89.9401 -46.3478 27876.9
-89.9401 -46.2978 27108.7
-89.9401 -46.2978 27669.2
-89.9401 -46.2978 26172.5
-89.9401 -46.2978 26470
-89.9401 -46.2978 27473
-89.9401 -46.2978 27553.4
-89.9401 -46.2978 26923.3
-89.9401 -46.2978 27523.6
-89.9401 -46.2978 27398.9
-89.9401 -46.2978 26905.3
-89.9401 -46.2478 27332.9
-89.9401 -46.2478 26704.2
-89.9401 -46.2478 27524.8
-89.9401 -46.2478 26814.7
-89.9401 -46.2478 27552.7
-89.9401 -46.2478 27653.9
-89.9401 -46.2478 27707.2
-89.9401 -46.2478 26874
-89.9401 -46.2478 27053.6
-89.9401 -46.2478 27263.7
-89.9401 -46.1978 26913.2
-89.9401 -46.1978 27807.6
-89.9401 -46.1978 27897.9
-89.9401 -46.1978 27372.7
-89.9401 -46.1978 27748.3
-89.9401 -46.1978 26561.2
-89.9401 -46.1978 26498
-89.9401 -46.1978 27520.1
-89.9401 -46.1978 26639.1
-89.9401 -46.1978 27382.2
-89.9401 -46.1478 27515.1
-89.9401 -46.1478 28127.1
-89.9401 -46.1478 26343.8
-89.9401 -46.1478 26637
-89.9401 -46.1478 26858.5
-89.9401 -46.1478 26703.6
-89.9401 -46.1478 27417
-89.9401 -46.1478 27535.8
-89.9401 -46.1478 27044.5
-89.9401 -46.1478 27321.3
-89.9401 -46.0978 28125.5
-89.9401 -46.0978 26742.4
-89.9401 -46.0978 27977.1
-89.9401 -46.0978 28303.7
-89.9401 -46.0978 27417.3
-89.9401 -46.0978 27068.8
-89.9401 -46.0978 27566.8
-89.9401 -46.0978 26868.8
-89.9401 -46.0978 26294.4
-89.9401 -46.0978 26993
-89.9401 -46.0478 27025.4
-89.9401 -46.0478 27980.9
-89.9401 -46.0478 26700.8
-89.9401 -46.0478 27201.6
-89.9401 -46.0478 28429.1
-89.9401 -46.0478 27387.4
-89.9401 -46.0478 26178.8
-89.9401 -46.0478 27195.7
-89.9401 -46.0478 27521.9
-89.9401 -46.0478 27906.7
-89.9401 -45.9978 27931.6
-89.9401 -45.9978 27750.1
-89.9401 -45.9978 27539.3
-89.9401 -45.9978 27804.9
-89.9401 -45.9978 28093.1
-89.9401 -45.9978 27199.6
-89.9401 -45.9978 27176
-89.9401 -45.9978 27202.6
-89.9401 -45.9978 28166.1
-89.9401 -45.9978 27060.3
-89.9401 -45.9478 27533
-89.9401 -45.9478 27453.5
-89.9401 -45.9478 27274.1
-89.9401 -45.9478 27787.4
-89.9401 -45.9478 27335.1
-89.9401 -45.9478 27724
-89.9401 -45.9478 27373.3
-89.9401 -45.9478 26419.8
-89.9401 -45.9478 27192.7
-89.9401 -45.9478 27014.9
-89.9401 -45.8978 27840
-89.9401 -45.8978 27144.6
-89.9401 -45.8978 28158.3
-89.9401 -45.8978 27641
-89.9401 -45.8978 27385.3
-89.9401 -45.8978 27095.2
-89.9401 -45.8978 0
-89.9401 -45.8978 28089.1
-89.9401 -45.8978 28322.5
-89.9401 -45.8978 28973.6
-89.9401 -45.8478 27734.2
-89.9401 -45.8478 28003.3
-89.9401 -45.8478 27378.1
-89.9401 -45.8478 27618.4
-89.9401 -45.8478 27636.5
-89.9401 -45.8478 27208.9
-89.9401 -45.8478 28381.9
-89.9401 -45.8478 26354.5
-89.9401 -45.8478 27210.6
-89.9401 -45.8478 28187.7
-89.9401 -45.7978 27850.7
-89.9401 -45.7978 27216
-89.9401 -45.7978 28110.2
-89.9401 -45.7978 27752.4
-89.9401 -45.7978 27490.7
-89.9401 -45.7978 27475.2
-89.9401 -45.7978 28393.1
-89.9401 -45.7978 28015.5
-89.9401 -45.7978 28359.4
-89.9401 -45.7978 26914.4
-89.9401 -45.7478 27254.2
-89.9401 -45.7478 26786.1
-89.9401 -45.7478 26501.4
-89.9401 -45.7478 27973.9
-89.9401 -45.7478 26171.2
-89.9401 -45.7478 27416.6
-89.9401 -45.7478 27951.5
-89.9401 -45.7478 26996.5
-89.9401 -45.7478 28108.8
-89.9401 -45.7478 28092.9
-89.9401 -45.6978 27620
-89.9401 -45.6978 27965.8
-89.9401 -45.6978 28277.5
-89.9401 -45.6978 28163.6
-89.9401 -45.6978 27927.6
-89.9401 -45.6978 27504.1
-89.9401 -45.6978 27747.9
-89.9401 -45.6978 26884.7
-89.9401 -45.6978 26947
-89.9401 -45.6978 26859
-89.9401 -45.6478 27420.1
-89.9401 -45.6478 26963.7
-89.9401 -45.6478 27913.8
-89.9401 -45.6478 27973.7
-89.9401 -45.6478 27331.9
-89.9401 -45.6478 26640.1
-89.9401 -45.6478 26932.2
-89.9401 -45.6478 27436.4
-89.9401 -45.6478 26251.6
-89.9401 -45.6478 27855
-89.9401 -45.5978 26918.8
-89.9401 -45.5978 27736.4
-89.9401 -45.5978 27170.1
-89.9401 -45.5978 27118.5
-89.9401 -45.5978 27357.1
-89.9401 -45.5978 26917.4
-89.9401 -45.5978 27803.6
-89.9401 -45.5978 27647.8
-89.9401 -45.5978 27356.9
-89.9401 -45.5978 27116.4
-89.9401 -45.5478 28574.8
-89.9401 -45.5478 26996.4
-89.9401 -45.5478 27643.3
-89.9401 -45.5478 27180.6
-89.9401 -45.5478 26726.8
-89.9401 -45.5478 27429.8
-89.9401 -45.5478 27925.2
-89.9401 -45.5478 27282.8
-89.9401 -45.5478 27315.1
-89.9401 -45.5478 27346.4
-89.9401 -45.4978 27146.2
-89.9401 -45.4978 26629
-89.9401 -45.4978 27482.8
-89.9401 -45.4978 26475.6
-89.9401 -45.4978 26446.1
-89.9401 -45.4978 27663.7
-89.9401 -45.4978 27759.2
-89.9401 -45.4978 27138
-89.9401 -45.4978 26618.2
-89.9401 -45.4978 26834.6
-89.9401 -45.4478 26442
-89.9401 -45.4478 27316.9
-89.9401 -45.4478 27388.1
-89.9401 -45.4478 27656.1
-89.9401 -45.4478 26172.7
-89.9401 -45.4478 26530.9
-89.9401 -45.4478 26859.7
-89.9401 -45.4478 27400.6
-89.9401 -45.4478 27657.3
-89.9401 -45.4478 26586.2
-89.9401 -45.3978 27118.6
-89.9401 -45.3978 26349.3
-89.9401 -45.3978 27569.7
-89.9401 -45.3978 26624.7
-89.9401 -45.3978 27600.9
-89.9401 -45.3978 26922.5
-89.9401 -45.3978 27257.7
-89.9401 -45.3978 26632.1
-89.9401 -45.3978 26550.9
-89.9401 -45.3978 27060.7
-89.9401 -45.3478 25901.8
-89.9401 -45.3478 27352.6
-89.9401 -45.3478 27030.1
-89.9401 -45.3478 26331.2
-89.9401 -45.3478 27221.8
-89.9401 -45.3478 27211.1
-89.9401 -45.3478 26835.1
-89.9401 -45.3478 26711.3
-89.9401 -45.3478 27081.7
-89.9401 -45.3478 26739
-89.9401 -45.2978 26615.2
-89.9401 -45.2978 27734.7
-89.9401 -45.2978 26337.3
-89.9401 -45.2978 26399.3
-89.9401 -45.2978 26807.3
-89.9401 -45.2978 26967.1
-89.9401 -45.2978 27071.9
-89.9401 -45.2978 27202.9
-89.9401 -45.2978 27293.4
-89.9401 -45.2978 27933.2
-89.9401 -45.2478 27872.7
-89.9401 -45.2478 26056
-89.9401 -45.2478 27535.3
-89.9401 -45.2478 26260.6
-89.9401 -45.2478 26573.2
-89.9401 -45.2478 26764.4
-89.9401 -45.2478 26924
-89.9401 -45.2478 25876.5
-89.9401 -45.2478 26192.1
-89.9401 -45.2478 25326
-89.9401 -45.1978 26849.8
-89.9401 -45.1978 26264.4
-89.9401 -45.1978 26969.1
-89.9401 -45.1978 27840.6
-89.9401 -45.1978 26234.7
-89.9401 -45.1978 26567.6
-89.9401 -45.1978 26491.6
-89.9401 -45.1978 26791.8
-89.9401 -45.1978 26323.9
-89.9401 -45.1978 26756.2
-89.9401 -45.1478 27029.4
-89.9401 -45.1478 26361.6
-89.9401 -45.1478 27346.2
-89.9401 -45.1478 27643.1
-89.9401 -45.1478 26708.8
-89.9401 -45.1478 26872.9
-89.9401 -45.1478 26752.1
-89.9401 -45.1478 27501
-89.9401 -45.1478 26034.8
-89.9401 -45.1478 25911.2
-89.9401 -45.0978 25833
-89.9401 -45.0978 26294.2
-89.9401 -45.0978 26741.8
-89.9401 -45.0978 26828.8
-89.9401 -45.0978 26665
-89.9401 -45.0978 27193.1
-89.9401 -45.0978 26290.8
-89.9401 -45.0978 27393.7
-89.9401 -45.0978 27406.3
-89.9401 -45.0978 27178.4
-89.9401 -45.0478 27427.8
-89.9401 -45.0478 26886.5
-89.9401 -45.0478 26395.9
-89.9401 -45.0478 26808.1
-89.9401 -45.0478 26645.9
-89.9401 -45.0478 27065.2
-89.9401 -45.0478 27124.6
-89.9401 -45.0478 27225.7
-89.9401 -45.0478 28360
-89.9401 -45.0478 27805.9
-89.9401 -44.9978 26897.2
-89.9401 -44.9978 28419.2
-89.9401 -44.9978 26798
-89.9401 -44.9978 27513.9
-89.9401 -44.9978 26671.7
-89.9401 -44.9978 26842.7
-89.9401 -44.9978 26806.8
-89.9401 -44.9978 27385.4
-89.9401 -44.9978 26843.7
-89.9401 -44.9978 26984.8
-89.9401 -44.9478 26800.9
-89.9401 -44.9478 27990.3
-89.9401 -44.9478 27368.3
-89.9401 -44.9478 26299.2
-89.9401 -44.9478 27609.8
-89.9401 -44.9478 27451.7
-89.9401 -44.9478 26709.3
-89.9401 -44.9478 27156
-89.9401 -44.9478 26712.9
-89.9401 -44.9478 26905.9
-89.9401 -44.8978 27877.1
-89.9401 -44.8978 26694.4
-89.9401 -44.8978 26939.9
-89.9401 -44.8978 27684.9
-89.9401 -44.8978 27201.9
-89.9401 -44.8978 27319.3
-89.9401 -44.8978 27521.6
-89.9401 -44.8978 27637.2
-89.9401 -44.8978 27977.2
-89.9401 -44.8978 27810.9
-89.9401 -44.8478 28128.4
-89.9401 -44.8478 28099.7
-89.9401 -44.8478 26696.3
-89.9401 -44.8478 27292.1
-89.9401 -44.8478 27621
-89.9401 -44.8478 26738.4
-89.9401 -44.8478 26869.5
-89.9401 -44.8478 26815.8
-89.9401 -44.8478 27858.2
-89.9401 -44.8478 27214.8
-89.9401 -44.7978 26979.6
-89.9401 -44.7978 27158.4
-89.9401 -44.7978 27727.1
-89.9401 -44.7978 27429.5
-89.9401 -44.7978 27515.2
-89.9401 -44.7978 26323.9
-89.9401 -44.7978 27182.1
-89.9401 -44.7978 27682.3
-89.9401 -44.7978 27881.2
-89.9401 -44.7978 27424.5
-89.9401 -44.7478 27422.6
-89.9401 -44.7478 26693.8
-89.9401 -44.7478 28063.4
-89.9401 -44.7478 27860.1
-89.9401 -44.7478 27930.6
-89.9401 -44.7478 27096.3
-89.9401 -44.7478 28418.5
-89.9401 -44.7478 26790
-89.9401 -44.7478 26982.2
-89.9401 -44.7478 27727.6
-89.9401 -44.6978 27508.8
-89.9401 -44.6978 28124
-89.9401 -44.6978 26731.2
-89.9401 -44.6978 27199.1
-89.9401 -44.6978 28073.2
-89.9401 -44.6978 26453.3
-89.9401 -44.6978 26870.4
-89.9401 -44.6978 27100.4
-89.9401 -44.6978 27279.8
-89.9401 -44.6978 27877.7
-89.9401 -44.6478 27993.8
-89.9401 -44.6478 27468.7
-89.9401 -44.6478 27259
-89.9401 -44.6478 27580.3
-89.9401 -44.6478 27590.5
-89.9401 -44.6478 27357.6
-89.9401 -44.6478 27838
-89.9401 -44.6478 27671.6
-89.9401 -44.6478 27384.5
-89.9401 -44.6478 27975.2
-89.9401 -44.5978 27561.3
-89.9401 -44.5978 28034.7
-89.9401 -44.5978 26713.3
-89.9401 -44.5978 26962.9
-89.9401 -44.5978 27799
-89.9401 -44.5978 27624
-89.9401 -44.5978 26753.8
-89.9401 -44.5978 27738.3
-89.9401 -44.5978 27103.9
-89.9401 -44.5978 26785.3
-89.9401 -44.5478 27692.8
-89.9401 -44.5478 27795.8
-89.9401 -44.5478 27520.8
-89.9401 -44.5478 27420
-89.9401 -44.5478 26345.2
-89.9401 -44.5478 27777.6
-89.9401 -44.5478 27528.6
-89.9401 -44.5478 26852.6
-89.9401 -44.5478 27884.9
-89.9401 -44.5478 27238.4
-89.9401 -44.4978 27702.3
-89.9401 -44.4978 28299.1
-89.9401 -44.4978 27018.5
-89.9401 -44.4978 26595.1
-89.9401 -44.4978 27722.9
-89.9401 -44.4978 28216.2
-89.9401 -44.4978 27421.1
-89.9401 -44.4978 27315.8
-89.9401 -44.4978 26999.8
-89.9401 -44.4978 28287.1
-89.9401 -44.4478 27051.3
-89.9401 -44.4478 28128.3
-89.9401 -44.4478 27445.1
-89.9401 -44.4478 27107
-89.9401 -44.4478 26507
-89.9401 -44.4478 27267.4
-89.9401 -44.4478 27453.6
-89.9401 -44.4478 27338.6
-89.9401 -44.4478 28239.4
-89.9401 -44.4478 27869.5
-89.9401 -44.3978 27183.9
-89.9401 -44.3978 27091.9
-89.9401 -44.3978 27284.3
-89.9401 -44.3978 27592.7
-89.9401 -44.3978 28175.6
-89.9401 -44.3978 26664.7
-89.9401 -44.3978 28364.4
-89.9401 -44.3978 27341.2
-89.9401 -44.3978 27934.6
-89.9401 -44.3978 27487.5
-89.9401 -44.3478 27368.6
-89.9401 -44.3478 27559
-89.9401 -44.3478 28147.7
-89.9401 -44.3478 27654.9
-89.9401 -44.3478 26899.9
-89.9401 -44.3478 27397
-89.9401 -44.3478 27665
-89.9401 -44.3478 27340.5
-89.9401 -44.3478 27088.9
-89.9401 -44.3478 26823.8
-89.9401 -44.2978 26929.5
-89.9401 -44.2978 28217.5
-89.9401 -44.2978 28047.9
-89.9401 -44.2978 27357
-89.9401 -44.2978 27393.9
-89.9401 -44.2978 27658.8
-89.9401 -44.2978 26680.2
-89.9401 -44.2978 27372.5
-89.9401 -44.2978 27035.6
-89.9401 -44.2978 27991.3
-89.9401 -44.2478 27294.6
-89.9401 -44.2478 26305.8
-89.9401 -44.2478 27366.1
-89.9401 -44.2478 26296.9
-89.9401 -44.2478 27311.5
-89.9401 -44.2478 26905.6
-89.9401 -44.2478 27366.5
-89.9401 -44.2478 27626.2
-89.9401 -44.2478 26842.4
-89.9401 -44.2478 26187.1
-89.9401 -44.1978 26774.2
-89.9401 -44.1978 26820.4
-89.9401 -44.1978 27574.8
-89.9401 -44.1978 27171.2
-89.9401 -44.1978 27017.1
-89.9401 -44.1978 26625.5
-89.9401 -44.1978 26602.8
-89.9401 -44.1978 27412.4
-89.9401 -44.1978 26670.1
-89.9401 -44.1978 26644.7
-89.9401 -44.1478 26631.7
-89.9401 -44.1478 26373.7
-89.9401 -44.1478 26806.4
-89.9401 -44.1478 27059
-89.9401 -44.1478 26924.5
-89.9401 -44.1478 27115.3
-89.9401 -44.1478 26867.6
-89.9401 -44.1478 26417.4
-89.9401 -44.1478 27183.8
-89.9401 -44.1478 27035.4
-89.9401 -44.0978 25513.8
-89.9401 -44.0978 26776.7
-89.9401 -44.0978 26983.4
-89.9401 -44.0978 26533.8
-89.9401 -44.0978 26043.4
-89.9401 -44.0978 27076.4
-89.9401 -44.0978 26956.9
-89.9401 -44.0978 26141.2
-89.9401 -44.0978 26096.4
-89.9401 -44.0978 26058
-89.9401 -44.0478 26085.5
-89.9401 -44.0478 25642.8
-89.9401 -44.0478 25464.6
-89.9401 -44.0478 25976.5
-89.9401 -44.0478 26810.6
-89.9401 -44.0478 26167.3
-89.9401 -44.0478 25786.8
-89.9401 -44.0478 25423.2
-89.9401 -44.0478 25566.5
-89.9401 -44.0478 25466
-89.9401 -43.9978 25149.8
-89.9401 -43.9978 25411.1
-89.9401 -43.9978 24668.9
-89.9401 -43.9978 25899.8
-89.9401 -43.9978 25407.7
-89.9401 -43.9978 25139.7
-89.9401 -43.9978 24748.1
-89.9401 -43.9978 24947
-89.9401 -43.9978 25965.9
-89.9401 -43.9978 24953.4
-89.9401 -43.9478 24367.3
-89.9401 -43.9478 24339.9
-89.9401 -43.9478 23801.5
-89.9401 -43.9478 23730.8
-89.9401 -43.9478 23082.2
-89.9401 -43.9478 24305.6
-89.9401 -43.9478 23468.3
-89.9401 -43.9478 23307.5
-89.9401 -43.9478 24250.6
-89.9401 -43.9478 23567.9
-89.9401 -43.8978 21804.8
-89.9401 -43.8978 22412.2
-89.9401 -43.8978 21752.6
-89.9401 -43.8978 21930.3
-89.9401 -43.8978 22665.1
-89.9401 -43.8978 22165.3
-89.9401 -43.8978 21194
-89.9401 -43.8978 21667.7
-89.9401 -43.8978 22561.7
-89.9401 -43.8978 23021.4
-89.9401 -43.8478 20667.4
-89.9401 -43.8478 19836.6
-89.9401 -43.8478 20445.6
-89.9401 -43.8478 20360.3
-89.9401 -43.8478 19941
-89.9401 -43.8478 19835.8
-89.9401 -43.8478 20468.7
-89.9401 -43.8478 20210
-89.9401 -43.8478 20471.8
-89.9401 -43.8478 20657.7
-89.9401 -43.7978 17031.8
-89.9401 -43.7978 16704.2
-89.9401 -43.7978 16708
-89.9401 -43.7978 17701
-89.9401 -43.7978 17216.7
-89.9401 -43.7978 17161.9
-89.9401 -43.7978 17084.9
-89.9401 -43.7978 17732.5
-89.9401 -43.7978 16699.9
-89.9401 -43.7978 17540.6
-89.9401 -43.7478 13584
-89.9401 -43.7478 14361
-89.9401 -43.7478 14303.6
-89.9401 -43.7478 15058.1
-89.9401 -43.7478 15052.4
-89.9401 -43.7478 13961.5
-89.9401 -43.7478 13680.8
-89.9401 -43.7478 14396.8
-89.9401 -43.7478 13976.8
-89.9401 -43.7478 15265.5
-89.9401 -43.6978 11336
-89.9401 -43.6978 11716.9
-89.9401 -43.6978 11323.8
-89.9401 -43.6978 11512
-89.9401 -43.6978 11847.9
-89.9401 -43.6978 11703.1
-89.9401 -43.6978 11386.1
-89.9401 -43.6978 11500.7
-89.9401 -43.6978 11148.6
-89.9401 -43.6978 11355.9
-89.9401 -43.6478 8833.26
-89.9401 -43.6478 9602.31
-89.9401 -43.6478 9268.08
-89.9401 -43.6478 9805.88
-89.9401 -43.6478 8938.95
-89.9401 -43.6478 9197.05
-89.9401 -43.6478 8424.57
-89.9401 -43.6478 9298.54
-89.9401 -43.6478 9000.6
-89.9401 -43.6478 9132.63
-89.9401 -43.5978 6887.41
-89.9401 -43.5978 7160.48
-89.9401 -43.5978 6495.86
-89.9401 -43.5978 6803.86
-89.9401 -43.5978 6710.5
-89.9401 -43.5978 6697.05
-89.9401 -43.5978 7058.5
-89.9401 -43.5978 6573.58
-89.9401 -43.5978 6631.77
-89.9401 -43.5978 7335.71
-89.9401 -43.5478 5447.15
-89.9401 -43.5478 5528.78
-89.9401 -43.5478 5196.25
-89.9401 -43.5478 5069.4
-89.9401 -43.5478 4933.49
-89.9401 -43.5478 5363.76
-89.9401 -43.5478 5037.36
-89.9401 -43.5478 5219.67
-89.9401 -43.5478 5576.07
-89.9401 -43.5478 4833.77
-89.9401 -43.4978 3959.08
-89.9401 -43.4978 4060.88
-89.9401 -43.4978 3504.06
-89.9401 -43.4978 3731.92
-89.9401 -43.4978 3727.87
-89.9401 -43.4978 4112.76
-89.9401 -43.4978 3857.93
-89.9401 -43.4978 4011.76
-89.9401 -43.4978 3996.84
-89.9401 -43.4978 3599.96
-89.9401 -43.4478 2937.05
-89.9401 -43.4478 2963.98
-89.9401 -43.4478 2682.44
-89.9401 -43.4478 2705.51
-89.9401 -43.4478 2997.96
-89.9401 -43.4478 3185.65
-89.9401 -43.4478 3067.12
-89.9401 -43.4478 2812.87
-89.9401 -43.4478 2995.65
-89.9401 -43.4478 2978.06
-89.9401 -43.3978 2505.89
-89.9401 -43.3978 2707.03
-89.9401 -43.3978 2331.45
-89.9401 -43.3978 1979.32
-89.9401 -43.3978 2360.85
-89.9401 -43.3978 2023.65
-89.9401 -43.3978 2222.09
-89.9401 -43.3978 2434.27
-89.9401 -43.3978 1947.6
-89.9401 -43.3978 2295.23
-89.9401 -43.3478 2001.31
-89.9401 -43.3478 1989
-89.9401 -43.3478 1681.95
-89.9401 -43.3478 2005.52
-89.9401 -43.3478 1950.68
-89.9401 -43.3478 1710.22
-89.9401 -43.3478 1915.54
-89.9401 -43.3478 1798.38
-89.9401 -43.3478 1873.7
-89.9401 -43.3478 2011.88
-89.9401 -43.2978 1657.75
-89.9401 -43.2978 1822.92
-89.9401 -43.2978 1819.72
-89.9401 -43.2978 1546.39
-89.9401 -43.2978 1758.71
-89.9401 -43.2978 1781.39
-89.9401 -43.2978 1752.68
-89.9401 -43.2978 1801.51
-89.9401 -43.2978 1714.71
-89.9401 -43.2978 1848.37
-89.9401 -43.2478 1578.61
-89.9401 -43.2478 1695.21
-89.9401 -43.2478 1334.24
-89.9401 -43.2478 1580.96
-89.9401 -43.2478 1251.76
-89.9401 -43.2478 1395.93
-89.9401 -43.2478 1518.5
-89.9401 -43.2478 1838.44
-89.9401 -43.2478 1561.57
-89.9401 -43.2478 1627.46
-89.9401 -43.1978 1455.44
-89.9401 -43.1978 1171.21
-89.9401 -43.1978 1283.75
-89.9401 -43.1978 1498.46
-89.9401 -43.1978 1327.09
-89.9401 -43.1978 1241.51
-89.9401 -43.1978 1503.93
-89.9401 -43.1978 1199.45
-89.9401 -43.1978 1499.43
-89.9401 -43.1978 1345.77
-89.9401 -43.1478 1574.51
-89.9401 -43.1478 1328.09
-89.9401 -43.1478 1298.03
-89.9401 -43.1478 1240
-89.9401 -43.1478 1446.45
-89.9401 -43.1478 1457.61
-89.9401 -43.1478 1442.87
-89.9401 -43.1478 1290.14
-89.9401 -43.1478 1307.87
-89.9401 -43.1478 1270.42
-89.9401 -43.0978 1437.14
-89.9401 -43.0978 1538.64
-89.9401 -43.0978 1526.22
-89.9401 -43.0978 1644.19
-89.9401 -43.0978 1207.6
-89.9401 -43.0978 1430.11
-89.9401 -43.0978 1340.85
-89.9401 -43.0978 1318.19
-89.9401 -43.0978 0
-89.9401 -43.0978 1499.07
-89.9401 -43.0478 1464.91
-89.9401 -43.0478 1315.98
-89.9401 -43.0478 1264.73
-89.9401 -43.0478 1509.91
-89.9401 -43.0478 1518.97
-89.9401 -43.0478 1386.18
-89.9401 -43.0478 1149.64
-89.9401 -43.0478 1438.75
-89.9401 -43.0478 1583.79
-89.9401 -43.0478 1409.41
-89.9401 -42.9978 1288.09
-89.9401 -42.9978 1298.4
-89.9401 -42.9978 1503.9
-89.9401 -42.9978 1364.81
-89.9401 -42.9978 1250.29
-89.9401 -42.9978 1521.67
-89.9401 -42.9978 1386.02
-89.9401 -42.9978 1335.72
-89.9401 -42.9978 1390.11
-89.9401 -42.9978 1375.36
-89.9401 -42.9478 1378.94
-89.9401 -42.9478 1382.33
-89.9401 -42.9478 1296.6
-89.9401 -42.9478 1522.28
-89.9401 -42.9478 1387.99
-89.9401 -42.9478 1209.53
-89.9401 -42.9478 1421.78
-89.9401 -42.9478 1470.32
-89.9401 -42.9478 1561.06
-89.9401 -42.9478 1247.24
-89.9401 -42.8978 1348.09
-89.9401 -42.8978 1387.46
-89.9401 -42.8978 1312.25
-89.9401 -42.8978 1147.67
-89.9401 -42.8978 1470.9
-89.9401 -42.8978 1337.55
-89.9401 -42.8978 1345.96
-89.9401 -42.8978 1276.45
-89.9401 -42.8978 1433.25
-89.9401 -42.8978 1472.18
-89.9401 -42.8478 1348.52
-89.9401 -42.8478 1315.46
-89.9401 -42.8478 1229.8
-89.9401 -42.8478 1410.85
-89.9401 -42.8478 1347.5
-89.9401 -42.8478 1307.93
-89.9401 -42.8478 891.467
-89.9401 -42.8478 1239.67
-89.9401 -42.8478 1503.24
-89.9401 -42.8478 1275.23
-89.9401 -42.7978 1059.79
-89.9401 -42.7978 1541.29
-89.9401 -42.7978 1215.94
-89.9401 -42.7978 1397.87
-89.9401 -42.7978 1371.25
-89.9401 -42.7978 1324.42
-89.9401 -42.7978 1395.23
-89.9401 -42.7978 1363.32
-89.9401 -42.7978 1314.01
-89.9401 -42.7978 1354.45
-89.9401 -42.7478 1310.44
-89.9401 -42.7478 1296.19
-89.9401 -42.7478 1352.43
-89.9401 -42.7478 1321.61
-89.9401 -42.7478 1478.38
-89.9401 -42.7478 1415.48
-89.9401 -42.7478 1327.95
-89.9401 -42.7478 1582.78
-89.9401 -42.7478 1432.76
-89.9401 -42.7478 1285.34
-89.9401 -42.6978 1521.16
-89.9401 -42.6978 1566.51
-89.9401 -42.6978 1462.76
-89.9401 -42.6978 1439.24
-89.9401 -42.6978 1275.92
-89.9401 -42.6978 1314.63
-89.9401 -42.6978 1511.86
-89.9401 -42.6978 1644.87
-89.9401 -42.6978 1595.19
-89.9401 -42.6978 1266.52
-89.9401 -42.6478 1144.95
-89.9401 -42.6478 1324.49
-89.9401 -42.6478 1420.31
-89.9401 -42.6478 1311.68
-89.9401 -42.6478 1481.37
-89.9401 -42.6478 1412.59
-89.9401 -42.6478 1338.68
-89.9401 -42.6478 1236.76
-89.9401 -42.6478 1396.73
-89.9401 -42.6478 1290.93
-89.9401 -42.5978 1106.41
-89.9401 -42.5978 1243.51
-89.9401 -42.5978 1346.38
-89.9401 -42.5978 1454.28
-89.9401 -42.5978 1346.73
-89.9401 -42.5978 1460.61
-89.9401 -42.5978 1264.77
-89.9401 -42.5978 1130.83
-89.9401 -42.5978 1240.88
-89.9401 -42.5978 1450.3
-89.9401 -42.5478 1470.26
-89.9401 -42.5478 1514.51
-89.9401 -42.5478 1320.19
-89.9401 -42.5478 1241.57
-89.9401 -42.5478 1155.9
-89.9401 -42.5478 1360.78
-89.9401 -42.5478 1585.35
-89.9401 -42.5478 1340.26
-89.9401 -42.5478 1316.38
-89.9401 -42.5478 1425.36
-89.9401 -42.4978 1364.83
-89.9401 -42.4978 1294.76
-89.9401 -42.4978 1437.63
-89.9401 -42.4978 1451.49
-89.9401 -42.4978 1483.42
-89.9401 -42.4978 1218.91
-89.9401 -42.4978 1386.17
-89.9401 -42.4978 1206.1
-89.9401 -42.4978 1404.08
-89.9401 -42.4978 1431.12
-89.9401 -42.4478 1337.5
-89.9401 -42.4478 1476.52
-89.9401 -42.4478 1321.94
-89.9401 -42.4478 1323.3
-89.9401 -42.4478 1305.46
-89.9401 -42.4478 1225.58
-89.9401 -42.4478 1473.33
-89.9401 -42.4478 1421.61
-89.9401 -42.4478 1302.41
-89.9401 -42.4478 1288.72
-89.9401 -42.3978 1278.39
-89.9401 -42.3978 1299.34
-89.9401 -42.3978 1151.34
-89.9401 -42.3978 1284.77
-89.9401 -42.3978 1218.28
-89.9401 -42.3978 1235.31
-89.9401 -42.3978 1429.13
-89.9401 -42.3978 1227.7
-89.9401 -42.3978 1266.44
-89.9401 -42.3978 1290.84
-89.9401 -42.3478 1354.65
-89.9401 -42.3478 1265.72
-89.9401 -42.3478 1510.5
-89.9401 -42.3478 1233.73
-89.9401 -42.3478 1236.57
-89.9401 -42.3478 1206.36
-89.9401 -42.3478 1216.77
-89.9401 -42.3478 1314.39
-89.9401 -42.3478 1437.79
-89.9401 -42.3478 1257.61
-89.9401 -42.2978 1446.62
-89.9401 -42.2978 1396.12
-89.9401 -42.2978 1320.37
-89.9401 -42.2978 1464.57
-89.9401 -42.2978 1206.5
-89.9401 -42.2978 1277.66
-89.9401 -42.2978 1253.83
-89.9401 -42.2978 1325.99
-89.9401 -42.2978 1276.98
-89.9401 -42.2978 1489.65
-89.9401 -42.2478 1323.42
-89.9401 -42.2478 1423.64
-89.9401 -42.2478 1552.41
-89.9401 -42.2478 1431.94
-89.9401 -42.2478 1366.02
-89.9401 -42.2478 1195.76
-89.9401 -42.2478 1394.78
-89.9401 -42.2478 1293.78
-89.9401 -42.2478 1275.46
-89.9401 -42.2478 0
