-92.9401 -45.2478 1314.44
-92.9401 -45.2478 1545.83
-92.9401 -45.2478 1372.64
-92.9401 -45.2478 1296.22
-92.9401 -45.2478 1244.31
-92.9401 -45.2478 1353.93
-92.9401 -45.2478 1331.03
-92.9401 -45.2478 1178.38
-92.9401 -45.2478 1401.32
-92.9401 -45.2478 1353.93
-92.8901 -45.2478 1456.54
-92.8901 -45.2478 1297.55
-92.8901 -45.2478 1478.65
-92.8901 -45.2478 1283.63
-92.8901 -45.2478 1298.64
-92.8901 -45.2478 1268.31
-92.8901 -45.2478 1401.64
-92.8901 -45.2478 1409.22
-92.8901 -45.2478 1322.85
-92.8901 -45.2478 1187.6
-92.8401 -45.2478 1399.27
-92.8401 -45.2478 1268.34
-92.8401 -45.2478 1456.34
-92.8401 -45.2478 1449.69
-92.8401 -45.2478 1453.13
-92.8401 -45.2478 1362.61
-92.8401 -45.2478 1250.23
-92.8401 -45.2478 1438.1
-92.8401 -45.2478 1404.61
-92.8401 -45.2478 1396.89
-92.7901 -45.2478 1339.65
-92.7901 -45.2478 1482.42
-92.7901 -45.2478 1503.29
-92.7901 -45.2478 1452.75
-92.7901 -45.2478 1214.96
-92.7901 -45.2478 1370.71
-92.7901 -45.2478 1191.18
-92.7901 -45.2478 1297.37
-92.7901 -45.2478 1439.08
-92.7901 -45.2478 1347.44
-92.7401 -45.2478 1435.58
-92.7401 -45.2478 1239.79
-92.7401 -45.2478 1420.72
-92.7401 -45.2478 1370.33
-92.7401 -45.2478 1277.53
-92.7401 -45.2478 1229.08
-92.7401 -45.2478 1307.92
-92.7401 -45.2478 1282.09
-92.7401 -45.2478 1424.93
-92.7401 -45.2478 1304.48
-92.6901 -45.2478 1237.18
-92.6901 -45.2478 1335.43
-92.6901 -45.2478 1199.74
-92.6901 -45.2478 1453.23
-92.6901 -45.2478 1367.28
-92.6901 -45.2478 1323.05
-92.6901 -45.2478 1196.75
-92.6901 -45.2478 1370.03
-92.6901 -45.2478 1128.71
-92.6901 -45.2478 1196.2
-92.6401 -45.2478 1221.92
-92.6401 -45.2478 1366.27
-92.6401 -45.2478 1650.26
-92.6401 -45.2478 1472.35
-92.6401 -45.2478 1425.37
-92.6401 -45.2478 1398.71
-92.6401 -45.2478 1549.71
-92.6401 -45.2478 1320.7
-92.6401 -45.2478 1415.11
-92.6401 -45.2478 1421.38
-92.5901 -45.2478 1249.34
-92.5901 -45.2478 1366.93
-92.5901 -45.2478 1169.78
-92.5901 -45.2478 1357.09
-92.5901 -45.2478 1492.07
-92.5901 -45.2478 1474.3
-92.5901 -45.2478 1250.45
-92.5901 -45.2478 1202.45
-92.5901 -45.2478 1169.45
-92.5901 -45.2478 1351.29
-92.5401 -45.2478 1296.18
-92.5401 -45.2478 1480.78
-92.5401 -45.2478 1249.73
-92.5401 -45.2478 1461.78
-92.5401 -45.2478 1285.61
-92.5401 -45.2478 1324.45
-92.5401 -45.2478 1262.66
-92.5401 -45.2478 1237.25
-92.5401 -45.2478 1367.17
-92.5401 -45.2478 1187.39
-92.4901 -45.2478 1434.88
-92.4901 -45.2478 1274.19
-92.4901 -45.2478 1433.13
-92.4901 -45.2478 1491.9
-92.4901 -45.2478 1500.87
-92.4901 -45.2478 1445.93
-92.4901 -45.2478 1406.17
-92.4901 -45.2478 1480.73
-92.4901 -45.2478 1332.59
-92.4901 -45.2478 1400.85
-92.4401 -45.2478 1321.74
-92.4401 -45.2478 1238.52
-92.4401 -45.2478 1443.58
-92.4401 -45.2478 1299.08
-92.4401 -45.2478 1304.27
-92.4401 -45.2478 1112.52
-92.4401 -45.2478 1219.24
-92.4401 -45.2478 1295.82
-92.4401 -45.2478 1384.7
-92.4401 -45.2478 1439.63
-92.3901 -45.2478 1276.36
-92.3901 -45.2478 1441.57
-92.3901 -45.2478 1210.93
-92.3901 -45.2478 1441.88
-92.3901 -45.2478 1375.56
-92.3901 -45.2478 1414.45
-92.3901 -45.2478 1421.45
-92.3901 -45.2478 1237.41
-92.3901 -45.2478 1558.94
-92.3901 -45.2478 1381.01
-92.3401 -45.2478 1442.46
-92.3401 -45.2478 1236.71
-92.3401 -45.2478 1197.74
-92.3401 -45.2478 1594.83
-92.3401 -45.2478 1391.41
-92.3401 -45.2478 1396.82
-92.3401 -45.2478 1277.68
-92.3401 -45.2478 1425.51
-92.3401 -45.2478 1447.78
-92.3401 -45.2478 1399.89
-92.2901 -45.2478 1309.89
-92.2901 -45.2478 1306.13
-92.2901 -45.2478 1400.19
-92.2901 -45.2478 1491.9
-92.2901 -45.2478 1369.79
-92.2901 -45.2478 1439.78
-92.2901 -45.2478 1442.99
-92.2901 -45.2478 1550.65
-92.2901 -45.2478 1439.88
-92.2901 -45.2478 1199.98
-92.2401 -45.2478 1513.37
-92.2401 -45.2478 1365.68
-92.2401 -45.2478 1457.08
-92.2401 -45.2478 1511.3
-92.2401 -45.2478 1291.38
-92.2401 -45.2478 1254.27
-92.2401 -45.2478 1401.5
-92.2401 -45.2478 1444.34
-92.2401 -45.2478 1332.93
-92.2401 -45.2478 1267.19
-92.1901 -45.2478 1209.14
-92.1901 -45.2478 1273.18
-92.1901 -45.2478 1341.96
-92.1901 -45.2478 1586.65
-92.1901 -45.2478 1436.02
-92.1901 -45.2478 1500.52
-92.1901 -45.2478 1548.57
-92.1901 -45.2478 1323.37
-92.1901 -45.2478 1432.74
-92.1901 -45.2478 1383.81
-92.1401 -45.2478 1437.74
-92.1401 -45.2478 1366.36
-92.1401 -45.2478 1578.66
-92.1401 -45.2478 1416.95
-92.1401 -45.2478 1657.37
-92.1401 -45.2478 1526.03
-92.1401 -45.2478 1353.11
-92.1401 -45.2478 1346.02
-92.1401 -45.2478 1373.86
-92.1401 -45.2478 1631.89
-92.0901 -45.2478 1189.19
-92.0901 -45.2478 1399.61
-92.0901 -45.2478 1424.02
-92.0901 -45.2478 1360.15
-92.0901 -45.2478 1327.13
-92.0901 -45.2478 1172.36
-92.0901 -45.2478 1389.51
-92.0901 -45.2478 1481.73
-92.0901 -45.2478 1692.74
-92.0901 -45.2478 1534.05
-92.0401 -45.2478 1244.65
-92.0401 -45.2478 1570.87
-92.0401 -45.2478 1488.08
-92.0401 -45.2478 1507.85
-92.0401 -45.2478 1537.85
-92.0401 -45.2478 1512.39
-92.0401 -45.2478 1549.29
-92.0401 -45.2478 1677.82
-92.0401 -45.2478 1743.58
-92.0401 -45.2478 1668.32
-91.9901 -45.2478 1611.21
-91.9901 -45.2478 1465.33
-91.9901 -45.2478 1526.75
-91.9901 -45.2478 1577.05
-91.9901 -45.2478 1679.15
-91.9901 -45.2478 1607.47
-91.9901 -45.2478 1543.49
-91.9901 -45.2478 1728.89
-91.9901 -45.2478 1488.67
-91.9901 -45.2478 1689.46
-91.9401 -45.2478 1644.51
-91.9401 -45.2478 1712.17
-91.9401 -45.2478 1558.21
-91.9401 -45.2478 1516.25
-91.9401 -45.2478 1571.21
-91.9401 -45.2478 1470.05
-91.9401 -45.2478 1649.63
-91.9401 -45.2478 1631.46
-91.9401 -45.2478 1585.1
-91.9401 -45.2478 1901.54
-91.8901 -45.2478 1912.62
-91.8901 -45.2478 1843.34
-91.8901 -45.2478 1834.16
-91.8901 -45.2478 1903.05
-91.8901 -45.2478 1864.81
-91.8901 -45.2478 1752.96
-91.8901 -45.2478 1717.55
-91.8901 -45.2478 1687.3
-91.8901 -45.2478 1841.56
-91.8901 -45.2478 1638.38
-91.8401 -45.2478 2053.39
-91.8401 -45.2478 2135.55
-91.8401 -45.2478 2044.4
-91.8401 -45.2478 2084.32
-91.8401 -45.2478 1952.77
-91.8401 -45.2478 1997.54
-91.8401 -45.2478 2021.95
-91.8401 -45.2478 2133.03
-91.8401 -45.2478 2074.67
-91.8401 -45.2478 2035.46
-91.7901 -45.2478 2825.09
-91.7901 -45.2478 2517.35
-91.7901 -45.2478 2483.12
-91.7901 -45.2478 2539.17
-91.7901 -45.2478 2587.78
-91.7901 -45.2478 2645.99
-91.7901 -45.2478 2551.92
-91.7901 -45.2478 2315.18
-91.7901 -45.2478 2775.51
-91.7901 -45.2478 2402.75
-91.7401 -45.2478 3421.07
-91.7401 -45.2478 3403.74
-91.7401 -45.2478 3143.99
-91.7401 -45.2478 3515.65
-91.7401 -45.2478 3267.15
-91.7401 -45.2478 3012.87
-91.7401 -45.2478 3110.23
-91.7401 -45.2478 3085.61
-91.7401 -45.2478 3287.82
-91.7401 -45.2478 3239.6
-91.6901 -45.2478 3888.29
-91.6901 -45.2478 3976
-91.6901 -45.2478 3990.27
-91.6901 -45.2478 4018.31
-91.6901 -45.2478 4159.45
-91.6901 -45.2478 3933.47
-91.6901 -45.2478 3886.06
-91.6901 -45.2478 4018.77
-91.6901 -45.2478 4129.01
-91.6901 -45.2478 3927.8
-91.6401 -45.2478 5260.8
-91.6401 -45.2478 5463.7
-91.6401 -45.2478 4682.27
-91.6401 -45.2478 5001.5
-91.6401 -45.2478 5068.92
-91.6401 -45.2478 4876.83
-91.6401 -45.2478 5043.34
-91.6401 -45.2478 4931.39
-91.6401 -45.2478 5505.1
-91.6401 -45.2478 4382.41
-91.5901 -45.2478 6432.52
-91.5901 -45.2478 6493.2
-91.5901 -45.2478 6298.57
-91.5901 -45.2478 6700.02
-91.5901 -45.2478 6530.68
-91.5901 -45.2478 6604.94
-91.5901 -45.2478 7294.74
-91.5901 -45.2478 7264.08
-91.5901 -45.2478 6796.09
-91.5901 -45.2478 6802.85
-91.5401 -45.2478 9370.67
-91.5401 -45.2478 8898.07
-91.5401 -45.2478 8947.81
-91.5401 -45.2478 9172.91
-91.5401 -45.2478 9302.77
-91.5401 -45.2478 9328.67
-91.5401 -45.2478 9244.16
-91.5401 -45.2478 8942.04
-91.5401 -45.2478 9344.69
-91.5401 -45.2478 9314.82
-91.4901 -45.2478 11961.4
-91.4901 -45.2478 11278.2
-91.4901 -45.2478 11355.2
-91.4901 -45.2478 11700.2
-91.4901 -45.2478 11424.7
-91.4901 -45.2478 11509.8
-91.4901 -45.2478 11518.6
-91.4901 -45.2478 12057.5
-91.4901 -45.2478 10740
-91.4901 -45.2478 12043.6
-91.4401 -45.2478 15505.1
-91.4401 -45.2478 15642.7
-91.4401 -45.2478 14785.1
-91.4401 -45.2478 15458.4
-91.4401 -45.2478 15528.6
-91.4401 -45.2478 14614.7
-91.4401 -45.2478 14939.6
-91.4401 -45.2478 14610.6
-91.4401 -45.2478 14448.2
-91.4401 -45.2478 14721.5
-91.3901 -45.2478 18426.6
-91.3901 -45.2478 17975.8
-91.3901 -45.2478 18032.8
-91.3901 -45.2478 17272.4
-91.3901 -45.2478 17862.8
-91.3901 -45.2478 16951
-91.3901 -45.2478 17369.9
-91.3901 -45.2478 17681.5
-91.3901 -45.2478 17356.9
-91.3901 -45.2478 17553.7
-91.3401 -45.2478 20571.6
-91.3401 -45.2478 21170.8
-91.3401 -45.2478 20589
-91.3401 -45.2478 20439.2
-91.3401 -45.2478 20125.9
-91.3401 -45.2478 20572.9
-91.3401 -45.2478 20473
-91.3401 -45.2478 0
-91.3401 -45.2478 20206.7
-91.3401 -45.2478 20421.1
-91.2901 -45.2478 22322.4
-91.2901 -45.2478 23524.5
-91.2901 -45.2478 22720.1
-91.2901 -45.2478 23004.6
-91.2901 -45.2478 21923.3
-91.2901 -45.2478 22610.3
-91.2901 -45.2478 22772.2
-91.2901 -45.2478 22518.7
-91.2901 -45.2478 22818.4
-91.2901 -45.2478 22302.7
-91.2401 -45.2478 23979.9
-91.2401 -45.2478 24425.6
-91.2401 -45.2478 23998.3
-91.2401 -45.2478 24362.3
-91.2401 -45.2478 23532.8
-91.2401 -45.2478 24104.6
-91.2401 -45.2478 24619.7
-91.2401 -45.2478 24240.3
-91.2401 -45.2478 24291.7
-91.2401 -45.2478 25423.5
-91.1901 -45.2478 25893.6
-91.1901 -45.2478 26113.7
-91.1901 -45.2478 25260.8
-91.1901 -45.2478 24515.6
-91.1901 -45.2478 25217.7
-91.1901 -45.2478 25194.8
-91.1901 -45.2478 25315.7
-91.1901 -45.2478 24524.3
-91.1901 -45.2478 25163.1
-91.1901 -45.2478 24989.9
-91.1401 -45.2478 25390
-91.1401 -45.2478 26153.9
-91.1401 -45.2478 25688.7
-91.1401 -45.2478 25837.4
-91.1401 -45.2478 26661.4
-91.1401 -45.2478 25732.3
-91.1401 -45.2478 25737.8
-91.1401 -45.2478 25468.6
-91.1401 -45.2478 25750.3
-91.1401 -45.2478 26627
-91.0901 -45.2478 27262.6
-91.0901 -45.2478 26423.5
-91.0901 -45.2478 26884.9
-91.0901 -45.2478 26305.9
-91.0901 -45.2478 27764.4
-91.0901 -45.2478 27173.6
-91.0901 -45.2478 26817.6
-91.0901 -45.2478 26243.9
-91.0901 -45.2478 26942.4
-91.0901 -45.2478 26469.9
-91.0401 -45.2478 27617.4
-91.0401 -45.2478 26168.7
-91.0401 -45.2478 27109.9
-91.0401 -45.2478 26791
-91.0401 -45.2478 27512
-91.0401 -45.2478 27125.7
-91.0401 -45.2478 26978.3
-91.0401 -45.2478 27274.6
-91.0401 -45.2478 27456.4
-91.0401 -45.2478 27059.7
-90.9901 -45.2478 26336.7
-90.9901 -45.2478 27034.9
-90.9901 -45.2478 27123.8
-90.9901 -45.2478 26905.1
-90.9901 -45.2478 26723.4
-90.9901 -45.2478 27415.3
-90.9901 -45.2478 28367.8
-90.9901 -45.2478 26647
-90.9901 -45.2478 26427
-90.9901 -45.2478 27117.7
-90.9401 -45.2478 28221.5
-90.9401 -45.2478 27862.4
-90.9401 -45.2478 27189.5
-90.9401 -45.2478 26400.1
-90.9401 -45.2478 26869.3
-90.9401 -45.2478 27030.6
-90.9401 -45.2478 26743
-90.9401 -45.2478 27625
-90.9401 -45.2478 26725.4
-90.9401 -45.2478 27814.5
-90.8901 -45.2478 26462.9
-90.8901 -45.2478 28056
-90.8901 -45.2478 27233
-90.8901 -45.2478 28031.4
-90.8901 -45.2478 28067.8
-90.8901 -45.2478 26139.7
-90.8901 -45.2478 26923
-90.8901 -45.2478 26479.5
-90.8901 -45.2478 27257.8
-90.8901 -45.2478 27836
-90.8401 -45.2478 28126.4
-90.8401 -45.2478 27464.6
-90.8401 -45.2478 27351.2
-90.8401 -45.2478 27574.4
-90.8401 -45.2478 27661.7
-90.8401 -45.2478 27637.2
-90.8401 -45.2478 26849.9
-90.8401 -45.2478 26797.1
-90.8401 -45.2478 25664.4
-90.8401 -45.2478 27531.6
-90.7901 -45.2478 27547.2
-90.7901 -45.2478 27659.4
-90.7901 -45.2478 27162.8
-90.7901 -45.2478 27088.6
-90.7901 -45.2478 27954.3
-90.7901 -45.2478 27951.3
-90.7901 -45.2478 27571.6
-90.7901 -45.2478 26767.4
-90.7901 -45.2478 27173.7
-90.7901 -45.2478 28609.8
-90.7401 -45.2478 26827
-90.7401 -45.2478 27068.1
-90.7401 -45.2478 26930.6
-90.7401 -45.2478 27725
-90.7401 -45.2478 27154.5
-90.7401 -45.2478 27390.1
-90.7401 -45.2478 26838.3
-90.7401 -45.2478 27866.2
-90.7401 -45.2478 27569.4
-90.7401 -45.2478 27257.2
-90.6901 -45.2478 27309.9
-90.6901 -45.2478 27624.5
-90.6901 -45.2478 28271.9
-90.6901 -45.2478 27327.5
-90.6901 -45.2478 27695.9
-90.6901 -45.2478 27060.3
-90.6901 -45.2478 26649.8
-90.6901 -45.2478 27117.1
-90.6901 -45.2478 27301.9
-90.6901 -45.2478 28493.8
-90.6401 -45.2478 26703.4
-90.6401 -45.2478 27392.6
-90.6401 -45.2478 27485.6
-90.6401 -45.2478 27613
-90.6401 -45.2478 26889.7
-90.6401 -45.2478 28049.5
-90.6401 -45.2478 26557.2
-90.6401 -45.2478 26852.4
-90.6401 -45.2478 27030.2
-90.6401 -45.2478 27213.1
-90.5901 -45.2478 27474.2
-90.5901 -45.2478 26576.9
-90.5901 -45.2478 27294.4
-90.5901 -45.2478 26730.4
-90.5901 -45.2478 27409
-90.5901 -45.2478 27753.4
-90.5901 -45.2478 27462.4
-90.5901 -45.2478 26257.2
-90.5901 -45.2478 27749.8
-90.5901 -45.2478 27140.2
-90.5401 -45.2478 26606.3
-90.5401 -45.2478 27724.9
-90.5401 -45.2478 27339.4
-90.5401 -45.2478 27372.2
-90.5401 -45.2478 27860.4
-90.5401 -45.2478 27743.2
-90.5401 -45.2478 27086.7
-90.5401 -45.2478 27320.1
-90.5401 -45.2478 28441.5
-90.5401 -45.2478 27862.8
-90.4901 -45.2478 27766.9
-90.4901 -45.2478 27076.1
-90.4901 -45.2478 26752.3
-90.4901 -45.2478 27362.5
-90.4901 -45.2478 26780.9
-90.4901 -45.2478 28518.8
-90.4901 -45.2478 27782.9
-90.4901 -45.2478 27745.7
-90.4901 -45.2478 27397.8
-90.4901 -45.2478 27221.9
-90.4401 -45.2478 27481.9
-90.4401 -45.2478 27095.5
-90.4401 -45.2478 26454.4
-90.4401 -45.2478 26499.9
-90.4401 -45.2478 27600.4
-90.4401 -45.2478 27078.7
-90.4401 -45.2478 27023.5
-90.4401 -45.2478 26738.3
-90.4401 -45.2478 27175.6
-90.4401 -45.2478 27974.6
-90.3901 -45.2478 27254.1
-90.3901 -45.2478 27161.8
-90.3901 -45.2478 27014.7
-90.3901 -45.2478 26525.1
-90.3901 -45.2478 26906.3
-90.3901 -45.2478 26334
-90.3901 -45.2478 27168.2
-90.3901 -45.2478 27366
-90.3901 -45.2478 27751.9
-90.3901 -45.2478 26660.2
-90.3401 -45.2478 26724.2
-90.3401 -45.2478 27613.4
-90.3401 -45.2478 27532.3
-90.3401 -45.2478 25846.4
-90.3401 -45.2478 26755.2
-90.3401 -45.2478 26669.8
-90.3401 -45.2478 26763.4
-90.3401 -45.2478 27552.3
-90.3401 -45.2478 26287
-90.3401 -45.2478 27599.1
-90.2901 -45.2478 25184.7
-90.2901 -45.2478 26346.6
-90.2901 -45.2478 26674.6
-90.2901 -45.2478 25824.2
-90.2901 -45.2478 25801.3
-90.2901 -45.2478 26432
-90.2901 -45.2478 26253.9
-90.2901 -45.2478 26183.6
-90.2901 -45.2478 25820.8
-90.2901 -45.2478 26586.7
-90.2401 -45.2478 26172.4
-90.2401 -45.2478 26851.7
-90.2401 -45.2478 25054.4
-90.2401 -45.2478 26224.9
-90.2401 -45.2478 26205.9
-90.2401 -45.2478 25704.8
-90.2401 -45.2478 25628.2
-90.2401 -45.2478 26788.3
-90.2401 -45.2478 26440.9
-90.2401 -45.2478 26714.1
-90.1901 -45.2478 26044.3
-90.1901 -45.2478 25228.6
-90.1901 -45.2478 24977.7
-90.1901 -45.2478 25668.2
-90.1901 -45.2478 25023.1
-90.1901 -45.2478 25411.7
-90.1901 -45.2478 25242.3
-90.1901 -45.2478 24512.3
-90.1901 -45.2478 25095.9
-90.1901 -45.2478 24848.4
-90.1401 -45.2478 25586.8
-90.1401 -45.2478 26198.2
-90.1401 -45.2478 24024
-90.1401 -45.2478 24335.3
-90.1401 -45.2478 25150
-90.1401 -45.2478 25231.8
-90.1401 -45.2478 25594.6
-90.1401 -45.2478 23617.6
-90.1401 -45.2478 24675.2
-90.1401 -45.2478 24588
-90.0901 -45.2478 24065.7
-90.0901 -45.2478 24028.7
-90.0901 -45.2478 22818.1
-90.0901 -45.2478 23922.2
-90.0901 -45.2478 23484
-90.0901 -45.2478 23258.3
-90.0901 -45.2478 23939.2
-90.0901 -45.2478 24328.3
-90.0901 -45.2478 23657
-90.0901 -45.2478 23438.8
-90.0401 -45.2478 22968
-90.0401 -45.2478 23022.7
-90.0401 -45.2478 23999.4
-90.0401 -45.2478 24650.3
-90.0401 -45.2478 23578.3
-90.0401 -45.2478 24096.3
-90.0401 -45.2478 23890.7
-90.0401 -45.2478 23570.2
-90.0401 -45.2478 23621.3
-90.0401 -45.2478 23823.3
-89.9901 -45.2478 22299.4
-89.9901 -45.2478 23849.7
-89.9901 -45.2478 23771.6
-89.9901 -45.2478 23144.5
-89.9901 -45.2478 23455.8
-89.9901 -45.2478 23526
-89.9901 -45.2478 23981
-89.9901 -45.2478 23073.8
-89.9901 -45.2478 22987.6
-89.9901 -45.2478 22696.2
-89.9401 -45.2478 22956.9
-89.9401 -45.2478 23134
-89.9401 -45.2478 23522.3
-89.9401 -45.2478 23591.1
-89.9401 -45.2478 23001.3
-89.9401 -45.2478 23163.1
-89.9401 -45.2478 22843.5
-89.9401 -45.2478 23189.9
-89.9401 -45.2478 23737.9
-89.9401 -45.2478 23875.4
-89.8901 -45.2478 24202.4
-89.8901 -45.2478 23042.2
-89.8901 -45.2478 23974.3
-89.8901 -45.2478 23434.2
-89.8901 -45.2478 24362.6
-89.8901 -45.2478 24459.4
-89.8901 -45.2478 23833.1
-89.8901 -45.2478 24044.4
-89.8901 -45.2478 24012.3
-89.8901 -45.2478 24632.2
-89.8401 -45.2478 23579.8
-89.8401 -45.2478 24656.1
-89.8401 -45.2478 23739.7
-89.8401 -45.2478 24166.9
-89.8401 -45.2478 24366.9
-89.8401 -45.2478 25186.3
-89.8401 -45.2478 25104.7
-89.8401 -45.2478 24459
-89.8401 -45.2478 24309
-89.8401 -45.2478 24342.4
-89.7901 -45.2478 24656.3
-89.7901 -45.2478 24995.4
-89.7901 -45.2478 24652.6
-89.7901 -45.2478 24796.3
-89.7901 -45.2478 24987.5
-89.7901 -45.2478 24892
-89.7901 -45.2478 25225
-89.7901 -45.2478 25062.8
-89.7901 -45.2478 25078.8
-89.7901 -45.2478 25159.2
-89.7401 -45.2478 26110.4
-89.7401 -45.2478 25898.3
-89.7401 -45.2478 25978.8
-89.7401 -45.2478 24775.5
-89.7401 -45.2478 25317.2
-89.7401 -45.2478 25084.4
-89.7401 -45.2478 25741.1
-89.7401 -45.2478 25376.2
-89.7401 -45.2478 26025.5
-89.7401 -45.2478 24595.7
-89.6901 -45.2478 26167
-89.6901 -45.2478 25997.4
-89.6901 -45.2478 25778.9
-89.6901 -45.2478 26519.8
-89.6901 -45.2478 26297.8
-89.6901 -45.2478 25903
-89.6901 -45.2478 25308.7
-89.6901 -45.2478 27554.4
-89.6901 -45.2478 27281.3
-89.6901 -45.2478 25907.2
-89.6401 -45.2478 27225.2
-89.6401 -45.2478 26577.5
-89.6401 -45.2478 26110.5
-89.6401 -45.2478 26834.7
-89.6401 -45.2478 26715.1
-89.6401 -45.2478 25969.8
-89.6401 -45.2478 25964.5
-89.6401 -45.2478 27346.6
-89.6401 -45.2478 26887.8
-89.6401 -45.2478 27204.2
-89.5901 -45.2478 27405.8
-89.5901 -45.2478 26881.4
-89.5901 -45.2478 25698.1
-89.5901 -45.2478 26743.7
-89.5901 -45.2478 26354.2
-89.5901 -45.2478 26930.2
-89.5901 -45.2478 26934.5
-89.5901 -45.2478 26829.5
-89.5901 -45.2478 26611.4
-89.5901 -45.2478 26885
-89.5401 -45.2478 27328.9
-89.5401 -45.2478 27239.8
-89.5401 -45.2478 27895.4
-89.5401 -45.2478 26733.4
-89.5401 -45.2478 27506.9
-89.5401 -45.2478 26713.1
-89.5401 -45.2478 26922.2
-89.5401 -45.2478 27009.7
-89.5401 -45.2478 25600.2
-89.5401 -45.2478 27000.9
-89.4901 -45.2478 27370
-89.4901 -45.2478 28392.6
-89.4901 -45.2478 26375.8
-89.4901 -45.2478 26958.8
-89.4901 -45.2478 26878.6
-89.4901 -45.2478 26709.5
-89.4901 -45.2478 26941.7
-89.4901 -45.2478 27811.3
-89.4901 -45.2478 27792.3
-89.4901 -45.2478 27821.7
-89.4401 -45.2478 26672
-89.4401 -45.2478 26548.3
-89.4401 -45.2478 27440.2
-89.4401 -45.2478 26597.1
-89.4401 -45.2478 27535.1
-89.4401 -45.2478 27694.9
-89.4401 -45.2478 27103
-89.4401 -45.2478 26895.7
-89.4401 -45.2478 27727
-89.4401 -45.2478 27989.1
-89.3901 -45.2478 26712.4
-89.3901 -45.2478 27709.6
-89.3901 -45.2478 26734.4
-89.3901 -45.2478 26993
-89.3901 -45.2478 27631.2
-89.3901 -45.2478 27162.3
-89.3901 -45.2478 28019
-89.3901 -45.2478 26065.7
-89.3901 -45.2478 27084.7
-89.3901 -45.2478 26153.4
-89.3401 -45.2478 26835.4
-89.3401 -45.2478 26787.6
-89.3401 -45.2478 27533.3
-89.3401 -45.2478 27105.7
-89.3401 -45.2478 27816.6
-89.3401 -45.2478 27017.5
-89.3401 -45.2478 27185.4
-89.3401 -45.2478 27337.4
-89.3401 -45.2478 27539.8
-89.3401 -45.2478 28119.8
-89.2901 -45.2478 26715
-89.2901 -45.2478 27714.8
-89.2901 -45.2478 27246.1
-89.2901 -45.2478 27356.5
-89.2901 -45.2478 27064.4
-89.2901 -45.2478 26774.2
-89.2901 -45.2478 27742
-89.2901 -45.2478 27953.1
-89.2901 -45.2478 27700
-89.2901 -45.2478 27516.7
-89.2401 -45.2478 27456
-89.2401 -45.2478 28116.9
-89.2401 -45.2478 27023.8
-89.2401 -45.2478 27317.3
-89.2401 -45.2478 27009.9
-89.2401 -45.2478 26277
-89.2401 -45.2478 27587.6
-89.2401 -45.2478 26901.3
-89.2401 -45.2478 27775.4
-89.2401 -45.2478 26797.6
-89.1901 -45.2478 28030.9
-89.1901 -45.2478 27330.7
-89.1901 -45.2478 27733.2
-89.1901 -45.2478 27299.6
-89.1901 -45.2478 27020.3
-89.1901 -45.2478 27227.8
-89.1901 -45.2478 27317.4
-89.1901 -45.2478 27331.8
-89.1901 -45.2478 27748.9
-89.1901 -45.2478 26482.5
-89.1401 -45.2478 26776.9
-89.1401 -45.2478 26836.4
-89.1401 -45.2478 26845.2
-89.1401 -45.2478 27210.9
-89.1401 -45.2478 27158.6
-89.1401 -45.2478 27772.1
-89.1401 -45.2478 27760
-89.1401 -45.2478 27949.2
-89.1401 -45.2478 26769.4
-89.1401 -45.2478 27614.2
-89.0901 -45.2478 27212.6
-89.0901 -45.2478 26596.5
-89.0901 -45.2478 26804.4
-89.0901 -45.2478 27986.6
-89.0901 -45.2478 27157.6
-89.0901 -45.2478 27348.7
-89.0901 -45.2478 27092.3
-89.0901 -45.2478 26436.3
-89.0901 -45.2478 26826.7
-89.0901 -45.2478 26830.2
-89.0401 -45.2478 27141.1
-89.0401 -45.2478 27303.6
-89.0401 -45.2478 26493
-89.0401 -45.2478 27713.4
-89.0401 -45.2478 27215
-89.0401 -45.2478 27071.9
-89.0401 -45.2478 26956.3
-89.0401 -45.2478 27950.7
-89.0401 -45.2478 26814.1
-89.0401 -45.2478 27398.6
-88.9901 -45.2478 26721
-88.9901 -45.2478 26577.2
-88.9901 -45.2478 26745.5
-88.9901 -45.2478 0
-88.9901 -45.2478 27422.5
-88.9901 -45.2478 27422
-88.9901 -45.2478 27335.9
-88.9901 -45.2478 27600.4
-88.9901 -45.2478 27368.9
-88.9901 -45.2478 27475.4
-88.9401 -45.2478 26890.9
-88.9401 -45.2478 26055.3
-88.9401 -45.2478 26527.6
-88.9401 -45.2478 28095.1
-88.9401 -45.2478 27228.4
-88.9401 -45.2478 26046.8
-88.9401 -45.2478 26295.7
-88.9401 -45.2478 27456.5
-88.9401 -45.2478 27035.2
-88.9401 -45.2478 26322.9
-88.8901 -45.2478 26105.9
-88.8901 -45.2478 26522.7
-88.8901 -45.2478 27214.2
-88.8901 -45.2478 26305.3
-88.8901 -45.2478 27877.8
-88.8901 -45.2478 26258.6
-88.8901 -45.2478 27553.4
-88.8901 -45.2478 27936.5
-88.8901 -45.2478 28409.6
-88.8901 -45.2478 27128.9
-88.8401 -45.2478 26528
-88.8401 -45.2478 26957.6
-88.8401 -45.2478 27616.9
-88.8401 -45.2478 25736.6
-88.8401 -45.2478 26881.5
-88.8401 -45.2478 25622.2
-88.8401 -45.2478 26923
-88.8401 -45.2478 25874.6
-88.8401 -45.2478 26309.9
-88.8401 -45.2478 26210.9
-88.7901 -45.2478 26437.4
-88.7901 -45.2478 26419.9
-88.7901 -45.2478 25540.4
-88.7901 -45.2478 26303
-88.7901 -45.2478 25934.6
-88.7901 -45.2478 26762
-88.7901 -45.2478 25914.9
-88.7901 -45.2478 26834.8
-88.7901 -45.2478 26368
-88.7901 -45.2478 26168.5
-88.7401 -45.2478 25558
-88.7401 -45.2478 25548.8
-88.7401 -45.2478 25285.5
-88.7401 -45.2478 25592.7
-88.7401 -45.2478 25860
-88.7401 -45.2478 25001.2
-88.7401 -45.2478 27124.6
-88.7401 -45.2478 25101.9
-88.7401 -45.2478 25981.5
-88.7401 -45.2478 25604.6
-88.6901 -45.2478 25436.5
-88.6901 -45.2478 24455.7
-88.6901 -45.2478 25332.8
-88.6901 -45.2478 24560
-88.6901 -45.2478 24808.9
-88.6901 -45.2478 24506.7
-88.6901 -45.2478 25448.2
-88.6901 -45.2478 24878
-88.6901 -45.2478 24413
-88.6901 -45.2478 25209.1
-88.6401 -45.2478 23172.1
-88.6401 -45.2478 23488.8
-88.6401 -45.2478 23547.3
-88.6401 -45.2478 23363.1
-88.6401 -45.2478 23340.5
-88.6401 -45.2478 23247.8
-88.6401 -45.2478 24212.2
-88.6401 -45.2478 23116
-88.6401 -45.2478 23371
-88.6401 -45.2478 23349.9
-88.5901 -45.2478 21481.4
-88.5901 -45.2478 22173.6
-88.5901 -45.2478 21805.6
-88.5901 -45.2478 22327.7
-88.5901 -45.2478 21457.3
-88.5901 -45.2478 21412.3
-88.5901 -45.2478 21939.6
-88.5901 -45.2478 22104.8
-88.5901 -45.2478 20916.2
-88.5901 -45.2478 22043.8
-88.5401 -45.2478 19549.2
-88.5401 -45.2478 18693.6
-88.5401 -45.2478 19475.2
-88.5401 -45.2478 19826.1
-88.5401 -45.2478 19741.9
-88.5401 -45.2478 19937.3
-88.5401 -45.2478 20013
-88.5401 -45.2478 18871.3
-88.5401 -45.2478 0
-88.5401 -45.2478 19243.5
-88.4901 -45.2478 16234.2
-88.4901 -45.2478 15912.5
-88.4901 -45.2478 15832.6
-88.4901 -45.2478 15181.2
-88.4901 -45.2478 15077.6
-88.4901 -45.2478 16602.7
-88.4901 -45.2478 16209.3
-88.4901 -45.2478 15606.8
-88.4901 -45.2478 15873
-88.4901 -45.2478 15290.1
-88.4401 -45.2478 12933.8
-88.4401 -45.2478 12946.1
-88.4401 -45.2478 12765.2
-88.4401 -45.2478 13071.2
-88.4401 -45.2478 13020.9
-88.4401 -45.2478 12535.5
-88.4401 -45.2478 12809.3
-88.4401 -45.2478 12542.4
-88.4401 -45.2478 11904
-88.4401 -45.2478 12061.6
-88.3901 -45.2478 8943.66
-88.3901 -45.2478 8732.89
-88.3901 -45.2478 8855.74
-88.3901 -45.2478 8941.38
-88.3901 -45.2478 9897.18
-88.3901 -45.2478 8900.56
-88.3901 -45.2478 9759.01
-88.3901 -45.2478 9363.4
-88.3901 -45.2478 9465.77
-88.3901 -45.2478 9426.29
-88.3401 -45.2478 6582.09
-88.3401 -45.2478 6571.78
-88.3401 -45.2478 6563.68
-88.3401 -45.2478 7008.09
-88.3401 -45.2478 6440.2
-88.3401 -45.2478 7239.61
-88.3401 -45.2478 6375.42
-88.3401 -45.2478 6644.1
-88.3401 -45.2478 7021.92
-88.3401 -45.2478 6537.25
-88.2901 -45.2478 4599.41
-88.2901 -45.2478 4472.85
-88.2901 -45.2478 4326.97
-88.2901 -45.2478 4229.45
-88.2901 -45.2478 4212.88
-88.2901 -45.2478 4252.35
-88.2901 -45.2478 4686.51
-88.2901 -45.2478 4130.07
-88.2901 -45.2478 4281.29
-88.2901 -45.2478 4459.89
-88.2401 -45.2478 2971.78
-88.2401 -45.2478 3144.38
-88.2401 -45.2478 3182.17
-88.2401 -45.2478 2804.87
-88.2401 -45.2478 2797.77
-88.2401 -45.2478 3041.21
-88.2401 -45.2478 3056.36
-88.2401 -45.2478 2894.05
-88.2401 -45.2478 2646.44
-88.2401 -45.2478 3186.67
-88.1901 -45.2478 2257.03
-88.1901 -45.2478 2722.91
-88.1901 -45.2478 2062.92
-88.1901 -45.2478 2471.59
-88.1901 -45.2478 2387.87
-88.1901 -45.2478 2339.22
-88.1901 -45.2478 2234.45
-88.1901 -45.2478 2404.79
-88.1901 -45.2478 2339.14
-88.1901 -45.2478 2334.2
-88.1401 -45.2478 2025.91
-88.1401 -45.2478 1933.82
-88.1401 -45.2478 2138.07
-88.1401 -45.2478 2092.89
-88.1401 -45.2478 2108.02
-88.1401 -45.2478 1637.18
-88.1401 -45.2478 1820.86
-88.1401 -45.2478 1913.96
-88.1401 -45.2478 1722.79
-88.1401 -45.2478 1936.32
-88.0901 -45.2478 1615.68
-88.0901 -45.2478 1609.51
-88.0901 -45.2478 1796.82
-88.0901 -45.2478 1651.45
-88.0901 -45.2478 1706.15
-88.0901 -45.2478 1763.81
-88.0901 -45.2478 1642.33
-88.0901 -45.2478 1695.15
-88.0901 -45.2478 1650.99
-88.0901 -45.2478 1709.67
-88.0401 -45.2478 1436.74
-88.0401 -45.2478 1463.88
-88.0401 -45.2478 1321.69
-88.0401 -45.2478 1588.99
-88.0401 -45.2478 1593.61
-88.0401 -45.2478 1632.5
-88.0401 -45.2478 1404.4
-88.0401 -45.2478 1390.76
-88.0401 -45.2478 1713.07
-88.0401 -45.2478 1421.32
-87.9901 -45.2478 1249.44
-87.9901 -45.2478 1583.18
-87.9901 -45.2478 1544.03
-87.9901 -45.2478 1454.5
-87.9901 -45.2478 1518.02
-87.9901 -45.2478 1453.72
-87.9901 -45.2478 1115.49
-87.9901 -45.2478 1565.06
-87.9901 -45.2478 1630.94
-87.9901 -45.2478 1518.38
-87.9401 -45.2478 1344.29
-87.9401 -45.2478 1448.03
-87.9401 -45.2478 1519.27
-87.9401 -45.2478 1403.13
-87.9401 -45.2478 1411.79
-87.9401 -45.2478 1414.3
-87.9401 -45.2478 1318.07
-87.9401 -45.2478 1336.25
-87.9401 -45.2478 1406.34
-87.9401 -45.2478 1315.62
-87.8901 -45.2478 1533.03
-87.8901 -45.2478 1431.72
-87.8901 -45.2478 1431.62
-87.8901 -45.2478 1307.21
-87.8901 -45.2478 1320.26
-87.8901 -45.2478 1292.33
-87.8901 -45.2478 1434.15
-87.8901 -45.2478 1509.59
-87.8901 -45.2478 1422.1
-87.8901 -45.2478 1517.1
-87.8401 -45.2478 1450.68
-87.8401 -45.2478 1521.18
-87.8401 -45.2478 1412.88
-87.8401 -45.2478 1494.74
-87.8401 -45.2478 1787.09
-87.8401 -45.2478 1646.56
-87.8401 -45.2478 1440.45
-87.8401 -45.2478 1427.49
-87.8401 -45.2478 1364.01
-87.8401 -45.2478 1668.2
-87.7901 -45.2478 1362.2
-87.7901 -45.2478 1443.74
-87.7901 -45.2478 1394.04
-87.7901 -45.2478 1486.37
-87.7901 -45.2478 1475.69
-87.7901 -45.2478 1366.95
-87.7901 -45.2478 1454.37
-87.7901 -45.2478 1439.21
-87.7901 -45.2478 1520.44
-87.7901 -45.2478 1384.29
-87.7401 -45.2478 1347.92
-87.7401 -45.2478 1233.28
-87.7401 -45.2478 1325.48
-87.7401 -45.2478 1283.72
-87.7401 -45.2478 1323.6
-87.7401 -45.2478 1338
-87.7401 -45.2478 1487.56
-87.7401 -45.2478 1471.83
-87.7401 -45.2478 1440.99
-87.7401 -45.2478 1508.47
-87.6901 -45.2478 1194.43
-87.6901 -45.2478 1199.72
-87.6901 -45.2478 1380.12
-87.6901 -45.2478 1460.91
-87.6901 -45.2478 1437.19
-87.6901 -45.2478 1322.57
-87.6901 -45.2478 1459.33
-87.6901 -45.2478 1476.48
-87.6901 -45.2478 1272.5
-87.6901 -45.2478 1489.22
-87.6401 -45.2478 1612.74
-87.6401 -45.2478 1383.59
-87.6401 -45.2478 1357.43
-87.6401 -45.2478 1375.04
-87.6401 -45.2478 1375.85
-87.6401 -45.2478 1230.27
-87.6401 -45.2478 1343.94
-87.6401 -45.2478 1264.82
-87.6401 -45.2478 1515.05
-87.6401 -45.2478 1378.49
-87.5901 -45.2478 1459.96
-87.5901 -45.2478 1443.23
-87.5901 -45.2478 1466.36
-87.5901 -45.2478 1428.54
-87.5901 -45.2478 1332.12
-87.5901 -45.2478 1435.95
-87.5901 -45.2478 1353.3
-87.5901 -45.2478 1546.18
-87.5901 -45.2478 1599.13
-87.5901 -45.2478 1471.93
-87.5401 -45.2478 1112.25
-87.5401 -45.2478 1389.33
-87.5401 -45.2478 1224.43
-87.5401 -45.2478 1302.26
-87.5401 -45.2478 1251.03
-87.5401 -45.2478 1366.67
-87.5401 -45.2478 1503.84
-87.5401 -45.2478 1408.09
-87.5401 -45.2478 1430.57
-87.5401 -45.2478 1225.36
-87.4901 -45.2478 1434.68
-87.4901 -45.2478 1441.49
-87.4901 -45.2478 1333.07
-87.4901 -45.2478 1364.24
-87.4901 -45.2478 1162.01
-87.4901 -45.2478 1345.73
-87.4901 -45.2478 1327.02
-87.4901 -45.2478 1231.01
-87.4901 -45.2478 1272.98
-87.4901 -45.2478 1551.18
-87.4401 -45.2478 1326.11
-87.4401 -45.2478 1642.1
-87.4401 -45.2478 1591.22
-87.4401 -45.2478 1399.28
-87.4401 -45.2478 1341.85
-87.4401 -45.2478 1331.71
-87.4401 -45.2478 1491.07
-87.4401 -45.2478 1315.5
-87.4401 -45.2478 1338.69
-87.4401 -45.2478 1340.95
-87.3901 -45.2478 1210.13
-87.3901 -45.2478 1296.38
-87.3901 -45.2478 1413.06
-87.3901 -45.2478 1425.09
-87.3901 -45.2478 1310.75
-87.3901 -45.2478 1380.78
-87.3901 -45.2478 1277.09
-87.3901 -45.2478 1517.53
-87.3901 -45.2478 1309.54
-87.3901 -45.2478 1408.97
-87.3401 -45.2478 1306.89
-87.3401 -45.2478 1409.25
-87.3401 -45.2478 1316.7
-87.3401 -45.2478 1211.61
-87.3401 -45.2478 1732.04
-87.3401 -45.2478 1264.33
-87.3401 -45.2478 1610.32
-87.3401 -45.2478 1297.61
-87.3401 -45.2478 1315.12
-87.3401 -45.2478 1565.98
-87.2901 -45.2478 1501.25
-87.2901 -45.2478 1361.17
-87.2901 -45.2478 1355.29
-87.2901 -45.2478 1266.38
-87.2901 -45.2478 1310.32
-87.2901 -45.2478 1268.06
-87.2901 -45.2478 1284.37
-87.2901 -45.2478 1251.47
-87.2901 -45.2478 1254.9
-87.2901 -45.2478 1372.96
-87.2401 -45.2478 1316.97
-87.2401 -45.2478 1333.51
-87.2401 -45.2478 1315.26
-87.2401 -45.2478 1483.4
-87.2401 -45.2478 1104.49
-87.2401 -45.2478 1532.71
-87.2401 -45.2478 1354.53
-87.2401 -45.2478 1403.86
-87.2401 -45.2478 1516.18
-87.2401 -45.2478 1317.61
-87.1901 -45.2478 1494.78
-87.1901 -45.2478 1357.42
-87.1901 -45.2478 1216.83
-87.1901 -45.2478 1473.26
-87.1901 -45.2478 1541.8
-87.1901 -45.2478 1282.65
-87.1901 -45.2478 1402.36
-87.1901 -45.2478 1396.06
-87.1901 -45.2478 1401.4
-87.1901 -45.2478 1418.81
-87.1401 -45.2478 1363.77
-87.1401 -45.2478 1381.12
-87.1401 -45.2478 1508.12
-87.1401 -45.2478 1335.62
-87.1401 -45.2478 1296.94
-87.1401 -45.2478 1411.85
-87.1401 -45.2478 1312.68
-87.1401 -45.2478 1386.67
-87.1401 -45.2478 1301.57
-87.1401 -45.2478 1326.09
-87.0901 -45.2478 1386.39
-87.0901 -45.2478 1213.22
-87.0901 -45.2478 1083.46
-87.0901 -45.2478 1565.15
-87.0901 -45.2478 1250.08
-87.0901 -45.2478 1441.57
-87.0901 -45.2478 1236.23
-87.0901 -45.2478 1351.84
-87.0901 -45.2478 1264.83
-87.0901 -45.2478 1251.91
-87.0401 -45.2478 1355.9
-87.0401 -45.2478 1563.08
-87.0401 -45.2478 1442.91
-87.0401 -45.2478 1326.56
-87.0401 -45.2478 1531.32
-87.0401 -45.2478 1396.37
-87.0401 -45.2478 1328.53
-87.0401 -45.2478 1303.39
-87.0401 -45.2478 1135.36
-87.0401 -45.2478 1461.6
-86.9901 -45.2478 1341.18
-86.9901 -45.2478 1234.98
-86.9901 -45.2478 1540.1
-86.9901 -45.2478 1454.31
-86.9901 -45.2478 1330.45
-86.9901 -45.2478 1259
-86.9901 -45.2478 1422.14
-86.9901 -45.2478 1255.57
-86.9901 -45.2478 1462.76
-86.9901 -45.2478 1373.69
-86.9401 -45.2478 1395.87
-86.9401 -45.2478 1437.9
-86.9401 -45.2478 1406.15
-86.9401 -45.2478 1190.2
-86.9401 -45.2478 1439.31
-86.9401 -45.2478 1312.86
-86.9401 -45.2478 1254.38
-86.9401 -45.2478 1228.84
-86.9401 -45.2478 1364.51
-86.9401 -45.2478 1157.5
