-92.9401 -45.9978 1429.45
-92.9401 -45.9978 1377.51
-92.9401 -45.9978 1248.53
-92.9401 -45.9978 1366.87
-92.9401 -45.9978 1485.44
-92.9401 -45.9978 1241.5
-92.9401 -45.9978 1351.31
-92.9401 -45.9978 1334.62
-92.9401 -45.9978 1373.73
-92.9401 -45.9978 1497.2
-92.8901 -45.9978 1207.49
-92.8901 -45.9978 1257.2
-92.8901 -45.9978 1395.66
-92.8901 -45.9978 1244.33
-92.8901 -45.9978 1403.9
-92.8901 -45.9978 1312.51
-92.8901 -45.9978 1198.91
-92.8901 -45.9978 1404.33
-92.8901 -45.9978 1392.36
-92.8901 -45.9978 1471.58
-92.8401 -45.9978 1209.67
-92.8401 -45.9978 1238.31
-92.8401 -45.9978 1453.07
-92.8401 -45.9978 1304.23
-92.8401 -45.9978 1256.37
-92.8401 -45.9978 1454.53
-92.8401 -45.9978 1259.15
-92.8401 -45.9978 1444.49
-92.8401 -45.9978 1416.38
-92.8401 -45.9978 1454.23
-92.7901 -45.9978 1324.62
-92.7901 -45.9978 1218.84
-92.7901 -45.9978 1376.23
-92.7901 -45.9978 1271.06
-92.7901 -45.9978 1632.12
-92.7901 -45.9978 1346.31
-92.7901 -45.9978 1494.5
-92.7901 -45.9978 1469.88
-92.7901 -45.9978 1165.72
-92.7901 -45.9978 1484.88
-92.7401 -45.9978 1523.13
-92.7401 -45.9978 1367.76
-92.7401 -45.9978 1491.59
-92.7401 -45.9978 1403.75
-92.7401 -45.9978 1346.77
-92.7401 -45.9978 1542.19
-92.7401 -45.9978 1164.98
-92.7401 -45.9978 1478.19
-92.7401 -45.9978 1445.16
-92.7401 -45.9978 1439.55
-92.6901 -45.9978 1409.23
-92.6901 -45.9978 1466.74
-92.6901 -45.9978 1331.19
-92.6901 -45.9978 1502.31
-92.6901 -45.9978 1450.41
-92.6901 -45.9978 1277.75
-92.6901 -45.9978 1461.51
-92.6901 -45.9978 1282.88
-92.6901 -45.9978 1418.88
-92.6901 -45.9978 1415.29
-92.6401 -45.9978 1159.34
-92.6401 -45.9978 1516.13
-92.6401 -45.9978 1544.31
-92.6401 -45.9978 1054.05
-92.6401 -45.9978 1325.4
-92.6401 -45.9978 1011.7
-92.6401 -45.9978 1343.83
-92.6401 -45.9978 1304.43
-92.6401 -45.9978 1619.88
-92.6401 -45.9978 1391.19
-92.5901 -45.9978 1383.71
-92.5901 -45.9978 1354.89
-92.5901 -45.9978 1481.14
-92.5901 -45.9978 1345.83
-92.5901 -45.9978 1293.87
-92.5901 -45.9978 1605.28
-92.5901 -45.9978 1304.59
-92.5901 -45.9978 1534.93
-92.5901 -45.9978 1364.65
-92.5901 -45.9978 1571.88
-92.5401 -45.9978 1338.92
-92.5401 -45.9978 1514.3
-92.5401 -45.9978 1273.88
-92.5401 -45.9978 1287.63
-92.5401 -45.9978 1413.35
-92.5401 -45.9978 1372.22
-92.5401 -45.9978 1407.09
-92.5401 -45.9978 1364.82
-92.5401 -45.9978 1719.43
-92.5401 -45.9978 1416.23
-92.4901 -45.9978 1476.23
-92.4901 -45.9978 1499.57
-92.4901 -45.9978 1198.01
-92.4901 -45.9978 1385.48
-92.4901 -45.9978 1273.08
-92.4901 -45.9978 1323.97
-92.4901 -45.9978 1380.7
-92.4901 -45.9978 1348.07
-92.4901 -45.9978 1481.76
-92.4901 -45.9978 1128.86
-92.4401 -45.9978 1458.42
-92.4401 -45.9978 1284.38
-92.4401 -45.9978 1495.16
-92.4401 -45.9978 1428.37
-92.4401 -45.9978 1298.21
-92.4401 -45.9978 1395.64
-92.4401 -45.9978 1384.36
-92.4401 -45.9978 1576.08
-92.4401 -45.9978 1314.39
-92.4401 -45.9978 1402.05
-92.3901 -45.9978 1619.28
-92.3901 -45.9978 1305.21
-92.3901 -45.9978 1439.25
-92.3901 -45.9978 1228.59
-92.3901 -45.9978 1188.67
-92.3901 -45.9978 1225.19
-92.3901 -45.9978 1352.66
-92.3901 -45.9978 1483.12
-92.3901 -45.9978 1432.99
-92.3901 -45.9978 1464.99
-92.3401 -45.9978 1453.91
-92.3401 -45.9978 1335.37
-92.3401 -45.9978 1400.47
-92.3401 -45.9978 1266.69
-92.3401 -45.9978 1382.38
-92.3401 -45.9978 1271.93
-92.3401 -45.9978 1478.84
-92.3401 -45.9978 1297.49
-92.3401 -45.9978 1292.65
-92.3401 -45.9978 1379.55
-92.2901 -45.9978 1261.2
-92.2901 -45.9978 1458.87
-92.2901 -45.9978 1276.36
-92.2901 -45.9978 1493.18
-92.2901 -45.9978 1384.33
-92.2901 -45.9978 1212.82
-92.2901 -45.9978 1586.49
-92.2901 -45.9978 1601.22
-92.2901 -45.9978 1463.84
-92.2901 -45.9978 1532.73
-92.2401 -45.9978 1606.77
-92.2401 -45.9978 1189.27
-92.2401 -45.9978 1325.81
-92.2401 -45.9978 1593.01
-92.2401 -45.9978 1331.8
-92.2401 -45.9978 1631.44
-92.2401 -45.9978 1423.9
-92.2401 -45.9978 1431.51
-92.2401 -45.9978 1268.26
-92.2401 -45.9978 1502.02
-92.1901 -45.9978 1419.86
-92.1901 -45.9978 1364.43
-92.1901 -45.9978 1269.44
-92.1901 -45.9978 1234.29
-92.1901 -45.9978 1394.32
-92.1901 -45.9978 1372.39
-92.1901 -45.9978 1449.12
-92.1901 -45.9978 1295.88
-92.1901 -45.9978 1203.7
-92.1901 -45.9978 1653.24
-92.1401 -45.9978 1303.19
-92.1401 -45.9978 1546.16
-92.1401 -45.9978 1251.19
-92.1401 -45.9978 1329.85
-92.1401 -45.9978 1496.89
-92.1401 -45.9978 1227.14
-92.1401 -45.9978 1296.83
-92.1401 -45.9978 1419.9
-92.1401 -45.9978 1519.11
-92.1401 -45.9978 1285.38
-92.0901 -45.9978 1579.86
-92.0901 -45.9978 1305.43
-92.0901 -45.9978 1532.51
-92.0901 -45.9978 1210.19
-92.0901 -45.9978 1576.15
-92.0901 -45.9978 1328.46
-92.0901 -45.9978 1420.1
-92.0901 -45.9978 1345.23
-92.0901 -45.9978 1388.12
-92.0901 -45.9978 1515.58
-92.0401 -45.9978 1522.43
-92.0401 -45.9978 1516.8
-92.0401 -45.9978 1548.91
-92.0401 -45.9978 1443.53
-92.0401 -45.9978 1364.94
-92.0401 -45.9978 1427.93
-92.0401 -45.9978 1372.29
-92.0401 -45.9978 1538.71
-92.0401 -45.9978 1500.79
-92.0401 -45.9978 1640.92
-91.9901 -45.9978 1576.1
-91.9901 -45.9978 1625.72
-91.9901 -45.9978 1420.32
-91.9901 -45.9978 1497.83
-91.9901 -45.9978 1323.04
-91.9901 -45.9978 1433.3
-91.9901 -45.9978 1485.11
-91.9901 -45.9978 1330.79
-91.9901 -45.9978 1470.93
-91.9901 -45.9978 1417.97
-91.9401 -45.9978 1700.55
-91.9401 -45.9978 1378.54
-91.9401 -45.9978 1576.6
-91.9401 -45.9978 1466.12
-91.9401 -45.9978 1688.8
-91.9401 -45.9978 1473.38
-91.9401 -45.9978 1763.35
-91.9401 -45.9978 1602.28
-91.9401 -45.9978 1823.13
-91.9401 -45.9978 1654.76
-91.8901 -45.9978 1680.15
-91.8901 -45.9978 2044.33
-91.8901 -45.9978 1774.94
-91.8901 -45.9978 1775.89
-91.8901 -45.9978 1840.13
-91.8901 -45.9978 1904.65
-91.8901 -45.9978 1932.72
-91.8901 -45.9978 1738.72
-91.8901 -45.9978 2003.42
-91.8901 -45.9978 1750.66
-91.8401 -45.9978 2309.84
-91.8401 -45.9978 2124.45
-91.8401 -45.9978 2127.35
-91.8401 -45.9978 1920.64
-91.8401 -45.9978 2030.02
-91.8401 -45.9978 2200.57
-91.8401 -45.9978 2118.75
-91.8401 -45.9978 1795.67
-91.8401 -45.9978 1926.74
-91.8401 -45.9978 2248.16
-91.7901 -45.9978 2534.77
-91.7901 -45.9978 2750.17
-91.7901 -45.9978 2424.23
-91.7901 -45.9978 2398.53
-91.7901 -45.9978 2790.59
-91.7901 -45.9978 2782.46
-91.7901 -45.9978 2610.16
-91.7901 -45.9978 2486.99
-91.7901 -45.9978 2768.11
-91.7901 -45.9978 2385.8
-91.7401 -45.9978 3419.31
-91.7401 -45.9978 3141.18
-91.7401 -45.9978 3319.4
-91.7401 -45.9978 3056.27
-91.7401 -45.9978 3409.44
-91.7401 -45.9978 3607.43
-91.7401 -45.9978 3419.78
-91.7401 -45.9978 3143.68
-91.7401 -45.9978 3262.5
-91.7401 -45.9978 3013.78
-91.6901 -45.9978 4260.02
-91.6901 -45.9978 4435.15
-91.6901 -45.9978 4252.76
-91.6901 -45.9978 4366.37
-91.6901 -45.9978 4133.16
-91.6901 -45.9978 3892.27
-91.6901 -45.9978 4289.78
-91.6901 -45.9978 3784.85
-91.6901 -45.9978 4457.2
-91.6901 -45.9978 4124.74
-91.6401 -45.9978 5511.39
-91.6401 -45.9978 5058.8
-91.6401 -45.9978 5366.88
-91.6401 -45.9978 5418.5
-91.6401 -45.9978 5005.48
-91.6401 -45.9978 5681.05
-91.6401 -45.9978 5162.11
-91.6401 -45.9978 5464.24
-91.6401 -45.9978 5274.96
-91.6401 -45.9978 5337.44
-91.5901 -45.9978 6888.45
-91.5901 -45.9978 6742.22
-91.5901 -45.9978 6709.86
-91.5901 -45.9978 6695.74
-91.5901 -45.9978 7033.55
-91.5901 -45.9978 6801.58
-91.5901 -45.9978 7041.47
-91.5901 -45.9978 7245.79
-91.5901 -45.9978 6841.97
-91.5901 -45.9978 5888.99
-91.5401 -45.9978 9511.88
-91.5401 -45.9978 9117.44
-91.5401 -45.9978 9314.58
-91.5401 -45.9978 9517.02
-91.5401 -45.9978 9441.25
-91.5401 -45.9978 9426.22
-91.5401 -45.9978 9639.35
-91.5401 -45.9978 9511.27
-91.5401 -45.9978 9449.41
-91.5401 -45.9978 9419.96
-91.4901 -45.9978 11857.5
-91.4901 -45.9978 11886.1
-91.4901 -45.9978 11966
-91.4901 -45.9978 11705.6
-91.4901 -45.9978 12269.1
-91.4901 -45.9978 12023.1
-91.4901 -45.9978 12282.3
-91.4901 -45.9978 11771.6
-91.4901 -45.9978 12464.9
-91.4901 -45.9978 12243.2
-91.4401 -45.9978 15524.9
-91.4401 -45.9978 15666.2
-91.4401 -45.9978 14545.7
-91.4401 -45.9978 14995.3
-91.4401 -45.9978 15183.6
-91.4401 -45.9978 15274
-91.4401 -45.9978 14856.4
-91.4401 -45.9978 14764.6
-91.4401 -45.9978 14875
-91.4401 -45.9978 15396.4
-91.3901 -45.9978 17524.6
-91.3901 -45.9978 18219.4
-91.3901 -45.9978 17700.1
-91.3901 -45.9978 17893.5
-91.3901 -45.9978 17583.1
-91.3901 -45.9978 17765.6
-91.3901 -45.9978 18108.8
-91.3901 -45.9978 18241.5
-91.3901 -45.9978 17793
-91.3901 -45.9978 17224.7
-91.3401 -45.9978 20690
-91.3401 -45.9978 20594.3
-91.3401 -45.9978 20040
-91.3401 -45.9978 20745.1
-91.3401 -45.9978 20627.4
-91.3401 -45.9978 21190.5
-91.3401 -45.9978 20781
-91.3401 -45.9978 20495.3
-91.3401 -45.9978 20593.2
-91.3401 -45.9978 20818.5
-91.2901 -45.9978 24120.1
-91.2901 -45.9978 22880.2
-91.2901 -45.9978 22832.4
-91.2901 -45.9978 22774.6
-91.2901 -45.9978 22558.8
-91.2901 -45.9978 22529.3
-91.2901 -45.9978 22802.6
-91.2901 -45.9978 22658.5
-91.2901 -45.9978 22704.3
-91.2901 -45.9978 23332.2
-91.2401 -45.9978 23786.9
-91.2401 -45.9978 23952.1
-91.2401 -45.9978 24764.3
-91.2401 -45.9978 24694.5
-91.2401 -45.9978 24049.4
-91.2401 -45.9978 24254.4
-91.2401 -45.9978 24446.7
-91.2401 -45.9978 24751.6
-91.2401 -45.9978 24627.8
-91.2401 -45.9978 24630.2
-91.1901 -45.9978 25495.2
-91.1901 -45.9978 25763.2
-91.1901 -45.9978 25574.5
-91.1901 -45.9978 26244.8
-91.1901 -45.9978 25625.6
-91.1901 -45.9978 24587.6
-91.1901 -45.9978 25233.7
-91.1901 -45.9978 25554.7
-91.1901 -45.9978 25544.2
-91.1901 -45.9978 25072.6
-91.1401 -45.9978 24705.7
-91.1401 -45.9978 26000.5
-91.1401 -45.9978 26388.1
-91.1401 -45.9978 25554.3
-91.1401 -45.9978 25595.5
-91.1401 -45.9978 26280.3
-91.1401 -45.9978 26192.6
-91.1401 -45.9978 25558.1
-91.1401 -45.9978 25919.8
-91.1401 -45.9978 25847.6
-91.0901 -45.9978 26371.1
-91.0901 -45.9978 25909.2
-91.0901 -45.9978 27412.6
-91.0901 -45.9978 26664.9
-91.0901 -45.9978 26634.2
-91.0901 -45.9978 26560.5
-91.0901 -45.9978 26689.6
-91.0901 -45.9978 27923
-91.0901 -45.9978 26092.4
-91.0901 -45.9978 26825.4
-91.0401 -45.9978 27114.5
-91.0401 -45.9978 27333.5
-91.0401 -45.9978 27574.5
-91.0401 -45.9978 26057.8
-91.0401 -45.9978 25878.9
-91.0401 -45.9978 26545
-91.0401 -45.9978 26499.6
-91.0401 -45.9978 26926.3
-91.0401 -45.9978 26952.7
-91.0401 -45.9978 26348.8
-90.9901 -45.9978 26678.3
-90.9901 -45.9978 26972.6
-90.9901 -45.9978 27666.7
-90.9901 -45.9978 27619.1
-90.9901 -45.9978 27417.8
-90.9901 -45.9978 26893.5
-90.9901 -45.9978 27041
-90.9901 -45.9978 27089.1
-90.9901 -45.9978 27234.9
-90.9901 -45.9978 26882.7
-90.9401 -45.9978 27444.7
-90.9401 -45.9978 27799.5
-90.9401 -45.9978 27730.7
-90.9401 -45.9978 26951.9
-90.9401 -45.9978 26510.9
-90.9401 -45.9978 26909.1
-90.9401 -45.9978 27630.5
-90.9401 -45.9978 26573.6
-90.9401 -45.9978 27546
-90.9401 -45.9978 26996.8
-90.8901 -45.9978 26662.9
-90.8901 -45.9978 28045.7
-90.8901 -45.9978 27230.3
-90.8901 -45.9978 27413.6
-90.8901 -45.9978 27723.7
-90.8901 -45.9978 28462.4
-90.8901 -45.9978 28253.2
-90.8901 -45.9978 27449
-90.8901 -45.9978 28354.1
-90.8901 -45.9978 26667.9
-90.8401 -45.9978 27684.4
-90.8401 -45.9978 27331.8
-90.8401 -45.9978 27142.6
-90.8401 -45.9978 26723.7
-90.8401 -45.9978 28083.4
-90.8401 -45.9978 27856.8
-90.8401 -45.9978 27887.3
-90.8401 -45.9978 27588.3
-90.8401 -45.9978 28133.3
-90.8401 -45.9978 27019.7
-90.7901 -45.9978 27835.2
-90.7901 -45.9978 28148
-90.7901 -45.9978 26649.4
-90.7901 -45.9978 27317.3
-90.7901 -45.9978 28229.4
-90.7901 -45.9978 27967.8
-90.7901 -45.9978 28384.1
-90.7901 -45.9978 27793.6
-90.7901 -45.9978 27406.3
-90.7901 -45.9978 27341.5
-90.7401 -45.9978 27054.7
-90.7401 -45.9978 27904.5
-90.7401 -45.9978 29277
-90.7401 -45.9978 27828.9
-90.7401 -45.9978 26372.5
-90.7401 -45.9978 28060.7
-90.7401 -45.9978 27579.4
-90.7401 -45.9978 28252.6
-90.7401 -45.9978 27860.5
-90.7401 -45.9978 28058.7
-90.6901 -45.9978 27024.8
-90.6901 -45.9978 27736.4
-90.6901 -45.9978 27343.2
-90.6901 -45.9978 28067.2
-90.6901 -45.9978 27267.3
-90.6901 -45.9978 28016.8
-90.6901 -45.9978 27659.1
-90.6901 -45.9978 28329.7
-90.6901 -45.9978 27209.1
-90.6901 -45.9978 28256.9
-90.6401 -45.9978 28122.3
-90.6401 -45.9978 27874.8
-90.6401 -45.9978 28302.4
-90.6401 -45.9978 27213.5
-90.6401 -45.9978 28244.5
-90.6401 -45.9978 27587.1
-90.6401 -45.9978 26892.3
-90.6401 -45.9978 26679.5
-90.6401 -45.9978 28408.8
-90.6401 -45.9978 27916.8
-90.5901 -45.9978 27855.8
-90.5901 -45.9978 28342.7
-90.5901 -45.9978 27488
-90.5901 -45.9978 27975.9
-90.5901 -45.9978 26958
-90.5901 -45.9978 27634.4
-90.5901 -45.9978 27313.4
-90.5901 -45.9978 27091.9
-90.5901 -45.9978 27476.6
-90.5901 -45.9978 26535.5
-90.5401 -45.9978 27752.7
-90.5401 -45.9978 27114.5
-90.5401 -45.9978 27201.1
-90.5401 -45.9978 27122.5
-90.5401 -45.9978 26900.1
-90.5401 -45.9978 27489.8
-90.5401 -45.9978 27738.6
-90.5401 -45.9978 27288.7
-90.5401 -45.9978 27508.4
-90.5401 -45.9978 27625.9
-90.4901 -45.9978 28449.7
-90.4901 -45.9978 27296.2
-90.4901 -45.9978 27434.8
-90.4901 -45.9978 27331.5
-90.4901 -45.9978 27275.6
-90.4901 -45.9978 27235.9
-90.4901 -45.9978 27382.3
-90.4901 -45.9978 28412.9
-90.4901 -45.9978 27848.2
-90.4901 -45.9978 27407.9
-90.4401 -45.9978 27676.2
-90.4401 -45.9978 27738.5
-90.4401 -45.9978 27136.1
-90.4401 -45.9978 27955.7
-90.4401 -45.9978 26453.7
-90.4401 -45.9978 26993.2
-90.4401 -45.9978 27232.2
-90.4401 -45.9978 27502
-90.4401 -45.9978 28586.4
-90.4401 -45.9978 27840.1
-90.3901 -45.9978 28325.9
-90.3901 -45.9978 27730.6
-90.3901 -45.9978 28141
-90.3901 -45.9978 27841.7
-90.3901 -45.9978 26962.9
-90.3901 -45.9978 28210.7
-90.3901 -45.9978 27253.4
-90.3901 -45.9978 27569.6
-90.3901 -45.9978 27974.9
-90.3901 -45.9978 27224.7
-90.3401 -45.9978 28202.3
-90.3401 -45.9978 28047.2
-90.3401 -45.9978 28029.1
-90.3401 -45.9978 26934.8
-90.3401 -45.9978 27989.3
-90.3401 -45.9978 27496.8
-90.3401 -45.9978 28456
-90.3401 -45.9978 28505.6
-90.3401 -45.9978 27939.5
-90.3401 -45.9978 27673.5
-90.2901 -45.9978 27672.7
-90.2901 -45.9978 27740.6
-90.2901 -45.9978 27612.5
-90.2901 -45.9978 29058.7
-90.2901 -45.9978 26964
-90.2901 -45.9978 27564.1
-90.2901 -45.9978 27919.8
-90.2901 -45.9978 27731.8
-90.2901 -45.9978 26527.8
-90.2901 -45.9978 27411.3
-90.2401 -45.9978 26783
-90.2401 -45.9978 28385.6
-90.2401 -45.9978 26749.4
-90.2401 -45.9978 27071.7
-90.2401 -45.9978 27892.4
-90.2401 -45.9978 27708.7
-90.2401 -45.9978 27172.7
-90.2401 -45.9978 27111.9
-90.2401 -45.9978 27502.3
-90.2401 -45.9978 28000.1
-90.1901 -45.9978 28176.8
-90.1901 -45.9978 26750.5
-90.1901 -45.9978 27516.5
-90.1901 -45.9978 26700.6
-90.1901 -45.9978 27143
-90.1901 -45.9978 27560.9
-90.1901 -45.9978 27467.2
-90.1901 -45.9978 26724.7
-90.1901 -45.9978 27559.1
-90.1901 -45.9978 28422.9
-90.1401 -45.9978 27160.5
-90.1401 -45.9978 27235.8
-90.1401 -45.9978 26927.3
-90.1401 -45.9978 28069.7
-90.1401 -45.9978 28675.4
-90.1401 -45.9978 27920.7
-90.1401 -45.9978 26861
-90.1401 -45.9978 27962
-90.1401 -45.9978 27554.9
-90.1401 -45.9978 28001.4
-90.0901 -45.9978 27286.1
-90.0901 -45.9978 27603.3
-90.0901 -45.9978 27191.1
-90.0901 -45.9978 28356.1
-90.0901 -45.9978 27826.6
-90.0901 -45.9978 27244
-90.0901 -45.9978 26694.7
-90.0901 -45.9978 27057.4
-90.0901 -45.9978 27070.4
-90.0901 -45.9978 26612
-90.0401 -45.9978 27030.8
-90.0401 -45.9978 26974.7
-90.0401 -45.9978 28177.4
-90.0401 -45.9978 26032.5
-90.0401 -45.9978 27572.9
-90.0401 -45.9978 27469.5
-90.0401 -45.9978 27403.9
-90.0401 -45.9978 26856.7
-90.0401 -45.9978 27913.4
-90.0401 -45.9978 27961.6
-89.9901 -45.9978 27286.2
-89.9901 -45.9978 27089.7
-89.9901 -45.9978 27371.4
-89.9901 -45.9978 26410.2
-89.9901 -45.9978 27267.4
-89.9901 -45.9978 26631.1
-89.9901 -45.9978 28117.5
-89.9901 -45.9978 27444.4
-89.9901 -45.9978 27776.6
-89.9901 -45.9978 27877.1
-89.9401 -45.9978 27737.5
-89.9401 -45.9978 27608.9
-89.9401 -45.9978 27851.7
-89.9401 -45.9978 26933.7
-89.9401 -45.9978 28056.5
-89.9401 -45.9978 26783
-89.9401 -45.9978 27800.7
-89.9401 -45.9978 27561.1
-89.9401 -45.9978 27469.9
-89.9401 -45.9978 28824.7
-89.8901 -45.9978 26784
-89.8901 -45.9978 26755.6
-89.8901 -45.9978 28062.8
-89.8901 -45.9978 27324.8
-89.8901 -45.9978 27387.3
-89.8901 -45.9978 26550.9
-89.8901 -45.9978 27445.3
-89.8901 -45.9978 26603.9
-89.8901 -45.9978 27261.2
-89.8901 -45.9978 28193
-89.8401 -45.9978 26862.8
-89.8401 -45.9978 27365.3
-89.8401 -45.9978 27348.7
-89.8401 -45.9978 26986.4
-89.8401 -45.9978 27641.1
-89.8401 -45.9978 27039.3
-89.8401 -45.9978 27243.9
-89.8401 -45.9978 27489.2
-89.8401 -45.9978 27243.6
-89.8401 -45.9978 27779.6
-89.7901 -45.9978 26896.8
-89.7901 -45.9978 27576.2
-89.7901 -45.9978 26490.4
-89.7901 -45.9978 27733.3
-89.7901 -45.9978 26706.8
-89.7901 -45.9978 27036.6
-89.7901 -45.9978 27907.7
-89.7901 -45.9978 27749.1
-89.7901 -45.9978 26977.1
-89.7901 -45.9978 27673.6
-89.7401 -45.9978 27168.3
-89.7401 -45.9978 27283.9
-89.7401 -45.9978 27783.4
-89.7401 -45.9978 28348
-89.7401 -45.9978 27526.2
-89.7401 -45.9978 26967.1
-89.7401 -45.9978 28209.1
-89.7401 -45.9978 27174.8
-89.7401 -45.9978 28032.8
-89.7401 -45.9978 27598.9
-89.6901 -45.9978 26828.8
-89.6901 -45.9978 27290.8
-89.6901 -45.9978 27415.4
-89.6901 -45.9978 26599.7
-89.6901 -45.9978 27259.2
-89.6901 -45.9978 27304
-89.6901 -45.9978 26900.5
-89.6901 -45.9978 27182.9
-89.6901 -45.9978 28349.5
-89.6901 -45.9978 27476.8
-89.6401 -45.9978 26764.6
-89.6401 -45.9978 27924.8
-89.6401 -45.9978 27720.3
-89.6401 -45.9978 27913.2
-89.6401 -45.9978 27410.5
-89.6401 -45.9978 27283.6
-89.6401 -45.9978 27850.3
-89.6401 -45.9978 26597
-89.6401 -45.9978 27441.1
-89.6401 -45.9978 28230.7
-89.5901 -45.9978 26381.7
-89.5901 -45.9978 28127.3
-89.5901 -45.9978 27745.3
-89.5901 -45.9978 28612.2
-89.5901 -45.9978 27353.4
-89.5901 -45.9978 26700.3
-89.5901 -45.9978 26667
-89.5901 -45.9978 27132.4
-89.5901 -45.9978 26997.5
-89.5901 -45.9978 26275.2
-89.5401 -45.9978 27312.5
-89.5401 -45.9978 27715.9
-89.5401 -45.9978 27127
-89.5401 -45.9978 26949
-89.5401 -45.9978 27063.6
-89.5401 -45.9978 27242.5
-89.5401 -45.9978 28213.9
-89.5401 -45.9978 27375.1
-89.5401 -45.9978 27248.6
-89.5401 -45.9978 27363.8
-89.4901 -45.9978 26863.9
-89.4901 -45.9978 27344.9
-89.4901 -45.9978 27506.4
-89.4901 -45.9978 28150.6
-89.4901 -45.9978 28426.9
-89.4901 -45.9978 26873.3
-89.4901 -45.9978 27362.3
-89.4901 -45.9978 28303.3
-89.4901 -45.9978 27797.6
-89.4901 -45.9978 27836.9
-89.4401 -45.9978 28464.8
-89.4401 -45.9978 27414.4
-89.4401 -45.9978 27452.7
-89.4401 -45.9978 27711.6
-89.4401 -45.9978 27258.7
-89.4401 -45.9978 27790.9
-89.4401 -45.9978 26551.7
-89.4401 -45.9978 27598.9
-89.4401 -45.9978 27142.2
-89.4401 -45.9978 26565.5
-89.3901 -45.9978 27624.8
-89.3901 -45.9978 28166.4
-89.3901 -45.9978 27389.5
-89.3901 -45.9978 27564.7
-89.3901 -45.9978 27010.1
-89.3901 -45.9978 27604.2
-89.3901 -45.9978 27090.5
-89.3901 -45.9978 26793.4
-89.3901 -45.9978 27400.9
-89.3901 -45.9978 28403
-89.3401 -45.9978 27724.7
-89.3401 -45.9978 27614.3
-89.3401 -45.9978 27635.5
-89.3401 -45.9978 27534.2
-89.3401 -45.9978 28199.4
-89.3401 -45.9978 27522.3
-89.3401 -45.9978 27872.7
-89.3401 -45.9978 27306
-89.3401 -45.9978 27161.2
-89.3401 -45.9978 26732.3
-89.2901 -45.9978 28429.9
-89.2901 -45.9978 26968.5
-89.2901 -45.9978 26642.7
-89.2901 -45.9978 27820.4
-89.2901 -45.9978 26824
-89.2901 -45.9978 27675.9
-89.2901 -45.9978 26107.4
-89.2901 -45.9978 27841.6
-89.2901 -45.9978 26630.7
-89.2901 -45.9978 28073.6
-89.2401 -45.9978 27494.1
-89.2401 -45.9978 27139.8
-89.2401 -45.9978 28247.4
-89.2401 -45.9978 26627
-89.2401 -45.9978 26342.4
-89.2401 -45.9978 27768
-89.2401 -45.9978 27390.7
-89.2401 -45.9978 27552.6
-89.2401 -45.9978 27611.7
-89.2401 -45.9978 27053
-89.1901 -45.9978 27388.5
-89.1901 -45.9978 27005.6
-89.1901 -45.9978 26248.7
-89.1901 -45.9978 27174.1
-89.1901 -45.9978 26940
-89.1901 -45.9978 27430.9
-89.1901 -45.9978 27033.3
-89.1901 -45.9978 27719.6
-89.1901 -45.9978 28217.9
-89.1901 -45.9978 27643.1
-89.1401 -45.9978 28253.6
-89.1401 -45.9978 26424.6
-89.1401 -45.9978 28683
-89.1401 -45.9978 27173.2
-89.1401 -45.9978 27464.6
-89.1401 -45.9978 26240.8
-89.1401 -45.9978 27990.3
-89.1401 -45.9978 27231.9
-89.1401 -45.9978 27631.8
-89.1401 -45.9978 27710.9
-89.0901 -45.9978 27388.8
-89.0901 -45.9978 26999.3
-89.0901 -45.9978 27701.2
-89.0901 -45.9978 27845.9
-89.0901 -45.9978 27806.7
-89.0901 -45.9978 27538.2
-89.0901 -45.9978 28200.7
-89.0901 -45.9978 28003.2
-89.0901 -45.9978 27100.8
-89.0901 -45.9978 27466.9
-89.0401 -45.9978 27282.9
-89.0401 -45.9978 27601
-89.0401 -45.9978 27656.9
-89.0401 -45.9978 27704.8
-89.0401 -45.9978 26995.1
-89.0401 -45.9978 27612.4
-89.0401 -45.9978 27360.3
-89.0401 -45.9978 27198
-89.0401 -45.9978 27430.7
-89.0401 -45.9978 27104.9
-88.9901 -45.9978 27171.6
-88.9901 -45.9978 27118.4
-88.9901 -45.9978 28011.7
-88.9901 -45.9978 25941
-88.9901 -45.9978 27971.4
-88.9901 -45.9978 27627.6
-88.9901 -45.9978 27570.8
-88.9901 -45.9978 26857.5
-88.9901 -45.9978 27267.7
-88.9901 -45.9978 26890.9
-88.9401 -45.9978 27682
-88.9401 -45.9978 27440.6
-88.9401 -45.9978 26787.1
-88.9401 -45.9978 27656
-88.9401 -45.9978 27297.8
-88.9401 -45.9978 26878
-88.9401 -45.9978 27926
-88.9401 -45.9978 27402.5
-88.9401 -45.9978 27202.7
-88.9401 -45.9978 27026.9
-88.8901 -45.9978 25783.6
-88.8901 -45.9978 26697
-88.8901 -45.9978 26334.5
-88.8901 -45.9978 26788.9
-88.8901 -45.9978 27289.8
-88.8901 -45.9978 26679.1
-88.8901 -45.9978 27354
-88.8901 -45.9978 27808
-88.8901 -45.9978 27563
-88.8901 -45.9978 26540.5
-88.8401 -45.9978 27382.3
-88.8401 -45.9978 27148.5
-88.8401 -45.9978 26766.3
-88.8401 -45.9978 26578.2
-88.8401 -45.9978 27558.7
-88.8401 -45.9978 27311.3
-88.8401 -45.9978 26247.8
-88.8401 -45.9978 26661
-88.8401 -45.9978 27148.3
-88.8401 -45.9978 25721.7
-88.7901 -45.9978 26340.5
-88.7901 -45.9978 27468.2
-88.7901 -45.9978 27030.5
-88.7901 -45.9978 26331.8
-88.7901 -45.9978 26844
-88.7901 -45.9978 26544.8
-88.7901 -45.9978 26536.2
-88.7901 -45.9978 27161
-88.7901 -45.9978 26756.8
-88.7901 -45.9978 26762.5
-88.7401 -45.9978 25522.8
-88.7401 -45.9978 26043.8
-88.7401 -45.9978 25758
-88.7401 -45.9978 26437.6
-88.7401 -45.9978 25714.2
-88.7401 -45.9978 25265.8
-88.7401 -45.9978 26095.3
-88.7401 -45.9978 25615.7
-88.7401 -45.9978 26055.9
-88.7401 -45.9978 25062
-88.6901 -45.9978 24093.3
-88.6901 -45.9978 25399.9
-88.6901 -45.9978 24764
-88.6901 -45.9978 24229.9
-88.6901 -45.9978 25655.8
-88.6901 -45.9978 25573.9
-88.6901 -45.9978 24851.7
-88.6901 -45.9978 25482.1
-88.6901 -45.9978 25083.3
-88.6901 -45.9978 24108.8
-88.6401 -45.9978 24188.4
-88.6401 -45.9978 24088.5
-88.6401 -45.9978 24423.8
-88.6401 -45.9978 24361.4
-88.6401 -45.9978 23511.8
-88.6401 -45.9978 23951.6
-88.6401 -45.9978 22915.9
-88.6401 -45.9978 24401.2
-88.6401 -45.9978 23618
-88.6401 -45.9978 23856.7
-88.5901 -45.9978 22868.6
-88.5901 -45.9978 22878.8
-88.5901 -45.9978 22215.4
-88.5901 -45.9978 0
-88.5901 -45.9978 21524.2
-88.5901 -45.9978 22644.5
-88.5901 -45.9978 20988.6
-88.5901 -45.9978 22420.3
-88.5901 -45.9978 22302.5
-88.5901 -45.9978 21846.9
-88.5401 -45.9978 18985.4
-88.5401 -45.9978 19447.2
-88.5401 -45.9978 18206.9
-88.5401 -45.9978 19602.1
-88.5401 -45.9978 18966.1
-88.5401 -45.9978 19683
-88.5401 -45.9978 19366
-88.5401 -45.9978 19226.1
-88.5401 -45.9978 19278.4
-88.5401 -45.9978 19439.1
-88.4901 -45.9978 16507.1
-88.4901 -45.9978 15498.5
-88.4901 -45.9978 16081.6
-88.4901 -45.9978 16334.9
-88.4901 -45.9978 16031.2
-88.4901 -45.9978 15308.2
-88.4901 -45.9978 16104.7
-88.4901 -45.9978 16347.4
-88.4901 -45.9978 14833.8
-88.4901 -45.9978 15915.4
-88.4401 -45.9978 12456.6
-88.4401 -45.9978 12389.1
-88.4401 -45.9978 12547.3
-88.4401 -45.9978 12331.9
-88.4401 -45.9978 12763
-88.4401 -45.9978 12785.4
-88.4401 -45.9978 12371
-88.4401 -45.9978 12565.7
-88.4401 -45.9978 12512
-88.4401 -45.9978 12555.5
-88.3901 -45.9978 8898.21
-88.3901 -45.9978 9791.16
-88.3901 -45.9978 9438.95
-88.3901 -45.9978 10072.1
-88.3901 -45.9978 9924.93
-88.3901 -45.9978 9343.92
-88.3901 -45.9978 8984.76
-88.3901 -45.9978 9352.13
-88.3901 -45.9978 9521.87
-88.3901 -45.9978 9766.12
-88.3401 -45.9978 7165.65
-88.3401 -45.9978 7059.24
-88.3401 -45.9978 6847.53
-88.3401 -45.9978 6970.8
-88.3401 -45.9978 6429.29
-88.3401 -45.9978 6919.71
-88.3401 -45.9978 6812.71
-88.3401 -45.9978 6972.47
-88.3401 -45.9978 6948.02
-88.3401 -45.9978 6823.17
-88.2901 -45.9978 4781.63
-88.2901 -45.9978 4613.66
-88.2901 -45.9978 4499.01
-88.2901 -45.9978 4352.22
-88.2901 -45.9978 4791.89
-88.2901 -45.9978 4571.41
-88.2901 -45.9978 4235.19
-88.2901 -45.9978 4499.27
-88.2901 -45.9978 4549.25
-88.2901 -45.9978 4504.96
-88.2401 -45.9978 3181.01
-88.2401 -45.9978 3130.24
-88.2401 -45.9978 2943.52
-88.2401 -45.9978 3353.31
-88.2401 -45.9978 3175.14
-88.2401 -45.9978 3115.52
-88.2401 -45.9978 2977.25
-88.2401 -45.9978 3151.81
-88.2401 -45.9978 3005.22
-88.2401 -45.9978 2941.91
-88.1901 -45.9978 2402.72
-88.1901 -45.9978 2144.83
-88.1901 -45.9978 2366.8
-88.1901 -45.9978 2395.49
-88.1901 -45.9978 2342.85
-88.1901 -45.9978 2219.85
-88.1901 -45.9978 2141.85
-88.1901 -45.9978 2520.69
-88.1901 -45.9978 2343.38
-88.1901 -45.9978 2428.95
-88.1401 -45.9978 1790.79
-88.1401 -45.9978 2143.39
-88.1401 -45.9978 2177.88
-88.1401 -45.9978 2040.19
-88.1401 -45.9978 2104.94
-88.1401 -45.9978 1924.37
-88.1401 -45.9978 1959.11
-88.1401 -45.9978 1634.88
-88.1401 -45.9978 2314.49
-88.1401 -45.9978 2144.84
-88.0901 -45.9978 1443.22
-88.0901 -45.9978 1644.99
-88.0901 -45.9978 1621.24
-88.0901 -45.9978 1756.25
-88.0901 -45.9978 1846.39
-88.0901 -45.9978 1703.34
-88.0901 -45.9978 2050.16
-88.0901 -45.9978 1682.19
-88.0901 -45.9978 1638.42
-88.0901 -45.9978 1668.98
-88.0401 -45.9978 1523.35
-88.0401 -45.9978 1522.99
-88.0401 -45.9978 1596.09
-88.0401 -45.9978 1832.16
-88.0401 -45.9978 1751.47
-88.0401 -45.9978 1492.35
-88.0401 -45.9978 1814.12
-88.0401 -45.9978 1554.64
-88.0401 -45.9978 1748.87
-88.0401 -45.9978 1758.05
-87.9901 -45.9978 1351.81
-87.9901 -45.9978 1295.22
-87.9901 -45.9978 1615.91
-87.9901 -45.9978 1559.61
-87.9901 -45.9978 1287.49
-87.9901 -45.9978 1786.52
-87.9901 -45.9978 1423.32
-87.9901 -45.9978 1401.11
-87.9901 -45.9978 1470.44
-87.9901 -45.9978 1207.51
-87.9401 -45.9978 1428.72
-87.9401 -45.9978 1400.6
-87.9401 -45.9978 1625.31
-87.9401 -45.9978 1497.25
-87.9401 -45.9978 1441.32
-87.9401 -45.9978 1338.6
-87.9401 -45.9978 1425.37
-87.9401 -45.9978 1577.62
-87.9401 -45.9978 1470.95
-87.9401 -45.9978 1490.01
-87.8901 -45.9978 1583.97
-87.8901 -45.9978 1378.98
-87.8901 -45.9978 1504.1
-87.8901 -45.9978 1498.9
-87.8901 -45.9978 1651.01
-87.8901 -45.9978 1394.92
-87.8901 -45.9978 1370.8
-87.8901 -45.9978 1489.97
-87.8901 -45.9978 1284.82
-87.8901 -45.9978 1481.27
-87.8401 -45.9978 1394
-87.8401 -45.9978 1222.15
-87.8401 -45.9978 1594.91
-87.8401 -45.9978 1562
-87.8401 -45.9978 1423.85
-87.8401 -45.9978 1311.97
-87.8401 -45.9978 1432.3
-87.8401 -45.9978 1529.51
-87.8401 -45.9978 1257.89
-87.8401 -45.9978 1582.13
-87.7901 -45.9978 1507.77
-87.7901 -45.9978 1371.51
-87.7901 -45.9978 1168.01
-87.7901 -45.9978 1501.02
-87.7901 -45.9978 1582.59
-87.7901 -45.9978 1367.18
-87.7901 -45.9978 1150.38
-87.7901 -45.9978 1317.4
-87.7901 -45.9978 1428.3
-87.7901 -45.9978 1453.79
-87.7401 -45.9978 1237.08
-87.7401 -45.9978 1356.7
-87.7401 -45.9978 1260.84
-87.7401 -45.9978 1264.76
-87.7401 -45.9978 1191
-87.7401 -45.9978 1533.43
-87.7401 -45.9978 1633.04
-87.7401 -45.9978 1389.7
-87.7401 -45.9978 1297.93
-87.7401 -45.9978 1462.89
-87.6901 -45.9978 1559.63
-87.6901 -45.9978 1059.08
-87.6901 -45.9978 1391.21
-87.6901 -45.9978 1351.34
-87.6901 -45.9978 1384.92
-87.6901 -45.9978 1574.95
-87.6901 -45.9978 1282.75
-87.6901 -45.9978 1391.44
-87.6901 -45.9978 1357.22
-87.6901 -45.9978 1319.55
-87.6401 -45.9978 1413.63
-87.6401 -45.9978 1375.53
-87.6401 -45.9978 1452.43
-87.6401 -45.9978 1469.21
-87.6401 -45.9978 1365.32
-87.6401 -45.9978 1402.31
-87.6401 -45.9978 1581.84
-87.6401 -45.9978 1409.29
-87.6401 -45.9978 1298.31
-87.6401 -45.9978 1394.94
-87.5901 -45.9978 1330.87
-87.5901 -45.9978 1472.73
-87.5901 -45.9978 1404.42
-87.5901 -45.9978 1337.04
-87.5901 -45.9978 1553.8
-87.5901 -45.9978 1324.51
-87.5901 -45.9978 1440.26
-87.5901 -45.9978 1236.5
-87.5901 -45.9978 1487.83
-87.5901 -45.9978 1283.3
-87.5401 -45.9978 1375.92
-87.5401 -45.9978 1516.03
-87.5401 -45.9978 1730.45
-87.5401 -45.9978 1135.95
-87.5401 -45.9978 1527.15
-87.5401 -45.9978 1497.09
-87.5401 -45.9978 1350.83
-87.5401 -45.9978 1394.08
-87.5401 -45.9978 1196.19
-87.5401 -45.9978 1299.49
-87.4901 -45.9978 1169.11
-87.4901 -45.9978 1336.08
-87.4901 -45.9978 1207.05
-87.4901 -45.9978 1204.02
-87.4901 -45.9978 1508.9
-87.4901 -45.9978 1405.45
-87.4901 -45.9978 1356.64
-87.4901 -45.9978 1303.45
-87.4901 -45.9978 1293.1
-87.4901 -45.9978 1324.82
-87.4401 -45.9978 1215.34
-87.4401 -45.9978 1421.37
-87.4401 -45.9978 1452.29
-87.4401 -45.9978 1420.62
-87.4401 -45.9978 1351.92
-87.4401 -45.9978 1504.87
-87.4401 -45.9978 1274.98
-87.4401 -45.9978 1403.46
-87.4401 -45.9978 1262.19
-87.4401 -45.9978 1345.13
-87.3901 -45.9978 1368.57
-87.3901 -45.9978 1547.7
-87.3901 -45.9978 1433.15
-87.3901 -45.9978 1182.59
-87.3901 -45.9978 1275.08
-87.3901 -45.9978 1302.62
-87.3901 -45.9978 1353.13
-87.3901 -45.9978 1115.54
-87.3901 -45.9978 1535.01
-87.3901 -45.9978 1365.05
-87.3401 -45.9978 1519.35
-87.3401 -45.9978 1451.51
-87.3401 -45.9978 1515.09
-87.3401 -45.9978 1490.42
-87.3401 -45.9978 1472.39
-87.3401 -45.9978 1596.76
-87.3401 -45.9978 1347.58
-87.3401 -45.9978 1233.17
-87.3401 -45.9978 1183.32
-87.3401 -45.9978 1257.58
-87.2901 -45.9978 1291.17
-87.2901 -45.9978 1537.57
-87.2901 -45.9978 1380.39
-87.2901 -45.9978 1578.91
-87.2901 -45.9978 1180.63
-87.2901 -45.9978 1438.57
-87.2901 -45.9978 1381.13
-87.2901 -45.9978 1315.09
-87.2901 -45.9978 1312.15
-87.2901 -45.9978 1502.48
-87.2401 -45.9978 1375.69
-87.2401 -45.9978 1540.78
-87.2401 -45.9978 1346.8
-87.2401 -45.9978 1448.46
-87.2401 -45.9978 1288.4
-87.2401 -45.9978 1265.46
-87.2401 -45.9978 1357.4
-87.2401 -45.9978 1464.46
-87.2401 -45.9978 1197.19
-87.2401 -45.9978 1355.42
-87.1901 -45.9978 1485.95
-87.1901 -45.9978 1384.92
-87.1901 -45.9978 1298.09
-87.1901 -45.9978 1457.85
-87.1901 -45.9978 1417.83
-87.1901 -45.9978 1177.55
-87.1901 -45.9978 1506.96
-87.1901 -45.9978 1275.44
-87.1901 -45.9978 1279.19
-87.1901 -45.9978 1239.53
-87.1401 -45.9978 1457.87
-87.1401 -45.9978 1399.92
-87.1401 -45.9978 1395.77
-87.1401 -45.9978 1268.83
-87.1401 -45.9978 1381
-87.1401 -45.9978 1473.86
-87.1401 -45.9978 1392.41
-87.1401 -45.9978 1557.44
-87.1401 -45.9978 1372.3
-87.1401 -45.9978 1382.2
-87.0901 -45.9978 1293.37
-87.0901 -45.9978 1264.27
-87.0901 -45.9978 1201.48
-87.0901 -45.9978 1334.17
-87.0901 -45.9978 1519.76
-87.0901 -45.9978 1576.16
-87.0901 -45.9978 1500.35
-87.0901 -45.9978 1177.32
-87.0901 -45.9978 1405.27
-87.0901 -45.9978 1274.37
-87.0401 -45.9978 1374
-87.0401 -45.9978 1401.94
-87.0401 -45.9978 1359.92
-87.0401 -45.9978 1540.36
-87.0401 -45.9978 1298.41
-87.0401 -45.9978 1578.59
-87.0401 -45.9978 1394.84
-87.0401 -45.9978 1470.4
-87.0401 -45.9978 1274
-87.0401 -45.9978 1054.84
-86.9901 -45.9978 1225.94
-86.9901 -45.9978 1304.83
-86.9901 -45.9978 1087.71
-86.9901 -45.9978 1194.02
-86.9901 -45.9978 1303.85
-86.9901 -45.9978 1355.38
-86.9901 -45.9978 1326.63
-86.9901 -45.9978 1329.32
-86.9901 -45.9978 1430.71
-86.9901 -45.9978 1430.41
-86.9401 -45.9978 1205.79
-86.9401 -45.9978 1551.71
-86.9401 -45.9978 1247.71
-86.9401 -45.9978 1437.21
-86.9401 -45.9978 1342.12
-86.9401 -45.9978 1401.64
-86.9401 -45.9978 1390.83
-86.9401 -45.9978 1351.19
-86.9401 -45.9978 1448.59
-86.9401 -45.9978 1383.14
