-89.9401 -48.2478 1352.09
-89.9401 -48.2478 1421.56
-89.9401 -48.2478 1368.02
-89.9401 -48.2478 1313.13
-89.9401 -48.2478 1454.2
-89.9401 -48.2478 1140.71
-89.9401 -48.2478 1491.85
-89.9401 -48.2478 1355.74
-89.9401 -48.2478 1590.24
-89.9401 -48.2478 1290.29
-89.9401 -48.1978 1401.06
-89.9401 -48.1978 1205.24
-89.9401 -48.1978 1544.78
-89.9401 -48.1978 1434.07
-89.9401 -48.1978 1052.25
-89.9401 -48.1978 1311.26
-89.9401 -48.1978 1326.1
-89.9401 -48.1978 1352.86
-89.9401 -48.1978 1244.96
-89.9401 -48.1978 1336.44
-89.9401 -48.1478 1235.52
-89.9401 -48.1478 1285.33
-89.9401 -48.1478 1319.49
-89.9401 -48.1478 1441.82
-89.9401 -48.1478 1283.09
-89.9401 -48.1478 1532.8
-89.9401 -48.1478 1262.2
-89.9401 -48.1478 1203.6
-89.9401 -48.1478 1381.47
-89.9401 -48.1478 1208.52
-89.9401 -48.0978 1387.31
-89.9401 -48.0978 1469.46
-89.9401 -48.0978 1487.54
-89.9401 -48.0978 1294.72
-89.9401 -48.0978 1288.77
-89.9401 -48.0978 1392.38
-89.9401 -48.0978 1361.99
-89.9401 -48.0978 1413.38
-89.9401 -48.0978 1445.24
-89.9401 -48.0978 1308.22
-89.9401 -48.0478 1532.94
-89.9401 -48.0478 1316.48
-89.9401 -48.0478 1282.33
-89.9401 -48.0478 1571.89
-89.9401 -48.0478 1359.57
-89.9401 -48.0478 1236.16
-89.9401 -48.0478 1482.85
-89.9401 -48.0478 1363.61
-89.9401 -48.0478 1518.23
-89.9401 -48.0478 1459.57
-89.9401 -47.9978 1489.07
-89.9401 -47.9978 1277.32
-89.9401 -47.9978 1423.67
-89.9401 -47.9978 1446.37
-89.9401 -47.9978 1363.81
-89.9401 -47.9978 1356.36
-89.9401 -47.9978 1433.97
-89.9401 -47.9978 1493.93
-89.9401 -47.9978 1419.17
-89.9401 -47.9978 1484.22
-89.9401 -47.9478 1281.26
-89.9401 -47.9478 1388.64
-89.9401 -47.9478 1297.5
-89.9401 -47.9478 1484.26
-89.9401 -47.9478 1302.78
-89.9401 -47.9478 1549.43
-89.9401 -47.9478 1437.57
-89.9401 -47.9478 1486.44
-89.9401 -47.9478 1320.6
-89.9401 -47.9478 1403.68
-89.9401 -47.8978 1422.74
-89.9401 -47.8978 1367.37
-89.9401 -47.8978 1550.28
-89.9401 -47.8978 1425.26
-89.9401 -47.8978 1381.97
-89.9401 -47.8978 1240.24
-89.9401 -47.8978 1267.52
-89.9401 -47.8978 1285.07
-89.9401 -47.8978 1178.74
-89.9401 -47.8978 1569.27
-89.9401 -47.8478 1259.15
-89.9401 -47.8478 1218
-89.9401 -47.8478 1449.51
-89.9401 -47.8478 1253.88
-89.9401 -47.8478 1316.95
-89.9401 -47.8478 1402.52
-89.9401 -47.8478 1333.42
-89.9401 -47.8478 1606.52
-89.9401 -47.8478 1490.43
-89.9401 -47.8478 1394.41
-89.9401 -47.7978 1265.18
-89.9401 -47.7978 1236.82
-89.9401 -47.7978 1376.27
-89.9401 -47.7978 1316.68
-89.9401 -47.7978 1486.29
-89.9401 -47.7978 1320.99
-89.9401 -47.7978 1424.17
-89.9401 -47.7978 1419.05
-89.9401 -47.7978 1417.97
-89.9401 -47.7978 1681.49
-89.9401 -47.7478 1503.85
-89.9401 -47.7478 1409.96
-89.9401 -47.7478 1261.1
-89.9401 -47.7478 1220.31
-89.9401 -47.7478 1354.12
-89.9401 -47.7478 1617.4
-89.9401 -47.7478 1370.55
-89.9401 -47.7478 1755
-89.9401 -47.7478 1391.11
-89.9401 -47.7478 1376.46
-89.9401 -47.6978 1472.02
-89.9401 -47.6978 1452.94
-89.9401 -47.6978 1546.47
-89.9401 -47.6978 1432.34
-89.9401 -47.6978 1344.81
-89.9401 -47.6978 1274.94
-89.9401 -47.6978 1506.67
-89.9401 -47.6978 1447.48
-89.9401 -47.6978 1346.72
-89.9401 -47.6978 1431.17
-89.9401 -47.6478 1366.94
-89.9401 -47.6478 1665.07
-89.9401 -47.6478 1413.04
-89.9401 -47.6478 1269.37
-89.9401 -47.6478 1437.55
-89.9401 -47.6478 1399.69
-89.9401 -47.6478 1432.58
-89.9401 -47.6478 1483.84
-89.9401 -47.6478 1581.09
-89.9401 -47.6478 1297.06
-89.9401 -47.5978 1266.83
-89.9401 -47.5978 1560.42
-89.9401 -47.5978 1429.38
-89.9401 -47.5978 1428.67
-89.9401 -47.5978 1546.05
-89.9401 -47.5978 1375.74
-89.9401 -47.5978 1580.2
-89.9401 -47.5978 1476.62
-89.9401 -47.5978 1440.3
-89.9401 -47.5978 1310.95
-89.9401 -47.5478 1517.44
-89.9401 -47.5478 1657.87
-89.9401 -47.5478 1285.95
-89.9401 -47.5478 1297.84
-89.9401 -47.5478 1539.48
-89.9401 -47.5478 1440.58
-89.9401 -47.5478 1361.69
-89.9401 -47.5478 1461.6
-89.9401 -47.5478 1456.3
-89.9401 -47.5478 1327.75
-89.9401 -47.4978 1545.15
-89.9401 -47.4978 1296.18
-89.9401 -47.4978 1336.24
-89.9401 -47.4978 1416.63
-89.9401 -47.4978 1434.03
-89.9401 -47.4978 1527.8
-89.9401 -47.4978 1440.03
-89.9401 -47.4978 1265.29
-89.9401 -47.4978 1393.13
-89.9401 -47.4978 1409.78
-89.9401 -47.4478 1624.69
-89.9401 -47.4478 1467.65
-89.9401 -47.4478 1403.07
-89.9401 -47.4478 1247.21
-89.9401 -47.4478 1283.51
-89.9401 -47.4478 1264.7
-89.9401 -47.4478 1326.31
-89.9401 -47.4478 1322.18
-89.9401 -47.4478 1539.66
-89.9401 -47.4478 1328.39
-89.9401 -47.3978 1381.26
-89.9401 -47.3978 1311.17
-89.9401 -47.3978 1421.37
-89.9401 -47.3978 1308.94
-89.9401 -47.3978 1440.16
-89.9401 -47.3978 1450.35
-89.9401 -47.3978 1418.48
-89.9401 -47.3978 1319.55
-89.9401 -47.3978 1436.11
-89.9401 -47.3978 1484.01
-89.9401 -47.3478 1392.12
-89.9401 -47.3478 1539.89
-89.9401 -47.3478 1424.33
-89.9401 -47.3478 1430.36
-89.9401 -47.3478 1295.92
-89.9401 -47.3478 1174.84
-89.9401 -47.3478 1557.05
-89.9401 -47.3478 1647.24
-89.9401 -47.3478 1410.34
-89.9401 -47.3478 1272.44
-89.9401 -47.2978 1330.07
-89.9401 -47.2978 1549.98
-89.9401 -47.2978 1582.06
-89.9401 -47.2978 1455.18
-89.9401 -47.2978 1584.5
-89.9401 -47.2978 1458.24
-89.9401 -47.2978 1727.65
-89.9401 -47.2978 1411.97
-89.9401 -47.2978 1352.22
-89.9401 -47.2978 1419.03
-89.9401 -47.2478 1506.76
-89.9401 -47.2478 1551.11
-89.9401 -47.2478 1622.66
-89.9401 -47.2478 1527.71
-89.9401 -47.2478 1369.96
-89.9401 -47.2478 1617.57
-89.9401 -47.2478 1572.58
-89.9401 -47.2478 1336.42
-89.9401 -47.2478 1449.15
-89.9401 -47.2478 1451.23
-89.9401 -47.1978 1621.54
-89.9401 -47.1978 1776.84
-89.9401 -47.1978 1513.15
-89.9401 -47.1978 1870.19
-89.9401 -47.1978 1757.46
-89.9401 -47.1978 1515.62
-89.9401 -47.1978 1670.22
-89.9401 -47.1978 1618.88
-89.9401 -47.1978 1565.88
-89.9401 -47.1978 1476.77
-89.9401 -47.1478 1778.19
-89.9401 -47.1478 1916.04
-89.9401 -47.1478 1761.56
-89.9401 -47.1478 1976.6
-89.9401 -47.1478 1689.01
-89.9401 -47.1478 1894.52
-89.9401 -47.1478 1688.59
-89.9401 -47.1478 1988.77
-89.9401 -47.1478 1868.6
-89.9401 -47.1478 1923.42
-89.9401 -47.0978 2250.05
-89.9401 -47.0978 2214.27
-89.9401 -47.0978 2225.76
-89.9401 -47.0978 2273.85
-89.9401 -47.0978 2365.45
-89.9401 -47.0978 2086.38
-89.9401 -47.0978 2189.87
-89.9401 -47.0978 2266.04
-89.9401 -47.0978 2297.37
-89.9401 -47.0978 2004.9
-89.9401 -47.0478 2955.77
-89.9401 -47.0478 2813.81
-89.9401 -47.0478 2934.14
-89.9401 -47.0478 2633.61
-89.9401 -47.0478 2845.13
-89.9401 -47.0478 2778.69
-89.9401 -47.0478 2864.22
-89.9401 -47.0478 2553.79
-89.9401 -47.0478 2712.22
-89.9401 -47.0478 2651.65
-89.9401 -46.9978 3534.7
-89.9401 -46.9978 3622.07
-89.9401 -46.9978 3570.48
-89.9401 -46.9978 3801.81
-89.9401 -46.9978 3956.37
-89.9401 -46.9978 3701.61
-89.9401 -46.9978 3548.62
-89.9401 -46.9978 3660.67
-89.9401 -46.9978 3707.24
-89.9401 -46.9978 3894.22
-89.9401 -46.9478 5104.93
-89.9401 -46.9478 4859
-89.9401 -46.9478 4755.21
-89.9401 -46.9478 4709.57
-89.9401 -46.9478 4503.71
-89.9401 -46.9478 4495.55
-89.9401 -46.9478 4809.31
-89.9401 -46.9478 4674.4
-89.9401 -46.9478 4456.49
-89.9401 -46.9478 4726.37
-89.9401 -46.8978 6915.07
-89.9401 -46.8978 6041.78
-89.9401 -46.8978 6391.61
-89.9401 -46.8978 6287.09
-89.9401 -46.8978 6268.04
-89.9401 -46.8978 6003.85
-89.9401 -46.8978 6547.24
-89.9401 -46.8978 6474.82
-89.9401 -46.8978 7039.79
-89.9401 -46.8978 6601.25
-89.9401 -46.8478 8783.02
-89.9401 -46.8478 8724.82
-89.9401 -46.8478 8258.63
-89.9401 -46.8478 8982.96
-89.9401 -46.8478 8297.49
-89.9401 -46.8478 8788.61
-89.9401 -46.8478 8843.43
-89.9401 -46.8478 8174.42
-89.9401 -46.8478 8260.2
-89.9401 -46.8478 8404.2
-89.9401 -46.7978 12053.3
-89.9401 -46.7978 11012
-89.9401 -46.7978 11686.9
-89.9401 -46.7978 11630
-89.9401 -46.7978 11344.3
-89.9401 -46.7978 11620.1
-89.9401 -46.7978 11591
-89.9401 -46.7978 11102.1
-89.9401 -46.7978 10828
-89.9401 -46.7978 11323.5
-89.9401 -46.7478 14047.7
-89.9401 -46.7478 13973.1
-89.9401 -46.7478 14385.9
-89.9401 -46.7478 14113.6
-89.9401 -46.7478 13969.2
-89.9401 -46.7478 14414.6
-89.9401 -46.7478 14547.6
-89.9401 -46.7478 14033.8
-89.9401 -46.7478 14458.5
-89.9401 -46.7478 14424.8
-89.9401 -46.6978 16632.8
-89.9401 -46.6978 16234.9
-89.9401 -46.6978 17273.9
-89.9401 -46.6978 17792.5
-89.9401 -46.6978 18307.9
-89.9401 -46.6978 16840.7
-89.9401 -46.6978 17727.2
-89.9401 -46.6978 16853.1
-89.9401 -46.6978 17041.4
-89.9401 -46.6978 17556.1
-89.9401 -46.6478 19053.1
-89.9401 -46.6478 20130.4
-89.9401 -46.6478 19967.6
-89.9401 -46.6478 18230.4
-89.9401 -46.6478 18458.1
-89.9401 -46.6478 19678.6
-89.9401 -46.6478 19901.5
-89.9401 -46.6478 19648.7
-89.9401 -46.6478 19692.4
-89.9401 -46.6478 19306.4
-89.9401 -46.5978 21205.2
-89.9401 -46.5978 22280.6
-89.9401 -46.5978 22080.1
-89.9401 -46.5978 21321.1
-89.9401 -46.5978 22307.3
-89.9401 -46.5978 21700.7
-89.9401 -46.5978 21880.4
-89.9401 -46.5978 21876.6
-89.9401 -46.5978 21589.1
-89.9401 -46.5978 22289
-89.9401 -46.5478 22949.3
-89.9401 -46.5478 22950.8
-89.9401 -46.5478 22863.4
-89.9401 -46.5478 23820.7
-89.9401 -46.5478 23637.1
-89.9401 -46.5478 23231.1
-89.9401 -46.5478 23646.6
-89.9401 -46.5478 23253.9
-89.9401 -46.5478 22700.9
-89.9401 -46.5478 23109.5
-89.9401 -46.4978 24338.3
-89.9401 -46.4978 25074.2
-89.9401 -46.4978 24954.2
-89.9401 -46.4978 24626.8
-89.9401 -46.4978 24687.8
-89.9401 -46.4978 25408.2
-89.9401 -46.4978 25067
-89.9401 -46.4978 24790.6
-89.9401 -46.4978 24994.4
-89.9401 -46.4978 25124.3
-89.9401 -46.4478 26297.6
-89.9401 -46.4478 25576.8
-89.9401 -46.4478 24585.2
-89.9401 -46.4478 25457.2
-89.9401 -46.4478 25320.1
-89.9401 -46.4478 25539.6
-89.9401 -46.4478 25572.1
-89.9401 -46.4478 24677.4
-89.9401 -46.4478 24593.5
-89.9401 -46.4478 25587.8
-89.9401 -46.3978 26552.5
-89.9401 -46.3978 25620
-89.9401 -46.3978 25575.7
-89.9401 -46.3978 26494.3
-89.9401 -46.3978 26215
-89.9401 -46.3978 26891
-89.9401 -46.3978 26320.7
-89.9401 -46.3978 26438.7
-89.9401 -46.3978 26714.1
-89.9401 -46.3978 25756.6
-89.9401 -46.3478 27485.6
-89.9401 -46.3478 27027.9
-89.9401 -46.3478 27154.7
-89.9401 -46.3478 26928.9
-89.9401 -46.3478 27382.5
-89.9401 -46.3478 26787.1
-89.9401 -46.3478 26222.2
-89.9401 -46.3478 26463.9
-89.9401 -46.3478 27080.1
-89.9401 -46.3478 26362.7
-89.9401 -46.2978 26591.4
-89.9401 -46.2978 27340.4
-89.9401 -46.2978 27327.6
-89.9401 -46.2978 26827.4
-89.9401 -46.2978 26257.8
-89.9401 -46.2978 26993.1
-89.9401 -46.2978 27228.8
-89.9401 -46.2978 26158.1
-89.9401 -46.2978 27166.9
-89.9401 -46.2978 26567.5
-89.9401 -46.2478 27343.9
-89.9401 -46.2478 26980
-89.9401 -46.2478 26738.9
-89.9401 -46.2478 27268
-89.9401 -46.2478 27185.4
-89.9401 -46.2478 27656.6
-89.9401 -46.2478 27578.7
-89.9401 -46.2478 26214.9
-89.9401 -46.2478 27196.9
-89.9401 -46.2478 27984.8
-89.9401 -46.1978 27526.3
-89.9401 -46.1978 26385.8
-89.9401 -46.1978 26934.1
-89.9401 -46.1978 27763.7
-89.9401 -46.1978 27488.4
-89.9401 -46.1978 27629.6
-89.9401 -46.1978 27504.2
-89.9401 -46.1978 25891.5
-89.9401 -46.1978 28215.8
-89.9401 -46.1978 27171
-89.9401 -46.1478 27233.9
-89.9401 -46.1478 27216.6
-89.9401 -46.1478 27525.5
-89.9401 -46.1478 26955.5
-89.9401 -46.1478 27257.7
-89.9401 -46.1478 27293.2
-89.9401 -46.1478 27335.1
-89.9401 -46.1478 27884.9
-89.9401 -46.1478 26827.6
-89.9401 -46.1478 26949.4
-89.9401 -46.0978 26175.7
-89.9401 -46.0978 27354
-89.9401 -46.0978 27626.7
-89.9401 -46.0978 27432.7
-89.9401 -46.0978 27448.3
-89.9401 -46.0978 27924.8
-89.9401 -46.0978 26909.3
-89.9401 -46.0978 26976.1
-89.9401 -46.0978 27234.2
-89.9401 -46.0978 28754.6
-89.9401 -46.0478 28429.3
-89.9401 -46.0478 26723
-89.9401 -46.0478 27904.2
-89.9401 -46.0478 27687.6
-89.9401 -46.0478 27039.4
-89.9401 -46.0478 28352.2
-89.9401 -46.0478 27041.7
-89.9401 -46.0478 28171.2
-89.9401 -46.0478 27207.7
-89.9401 -46.0478 27955.5
-89.9401 -45.9978 27263.2
-89.9401 -45.9978 27044.6
-89.9401 -45.9978 27419.8
-89.9401 -45.9978 27421.9
-89.9401 -45.9978 27871.4
-89.9401 -45.9978 26590.4
-89.9401 -45.9978 27134.2
-89.9401 -45.9978 27393.1
-89.9401 -45.9978 26891.7
-89.9401 -45.9978 27588.3
-89.9401 -45.9478 27520.8
-89.9401 -45.9478 26768.7
-89.9401 -45.9478 27540.1
-89.9401 -45.9478 26449.4
-89.9401 -45.9478 27110.1
-89.9401 -45.9478 27252.7
-89.9401 -45.9478 26490.9
-89.9401 -45.9478 27227.2
-89.9401 -45.9478 27472.6
-89.9401 -45.9478 27066.4
-89.9401 -45.8978 28208.4
-89.9401 -45.8978 26869.8
-89.9401 -45.8978 27129.4
-89.9401 -45.8978 26989.8
-89.9401 -45.8978 27353.3
-89.9401 -45.8978 27466
-89.9401 -45.8978 27405.7
-89.9401 -45.8978 27839.8
-89.9401 -45.8978 27362.7
-89.9401 -45.8978 26916.1
-89.9401 -45.8478 27073.3
-89.9401 -45.8478 27304.3
-89.9401 -45.8478 27419.2
-89.9401 -45.8478 26974.5
-89.9401 -45.8478 27497.8
-89.9401 -45.8478 27425.4
-89.9401 -45.8478 28010.2
-89.9401 -45.8478 27412.5
-89.9401 -45.8478 27637.3
-89.9401 -45.8478 27843.2
-89.9401 -45.7978 26540.4
-89.9401 -45.7978 27522.1
-89.9401 -45.7978 28282.8
-89.9401 -45.7978 27304.2
-89.9401 -45.7978 27264
-89.9401 -45.7978 27338.3
-89.9401 -45.7978 26986.9
-89.9401 -45.7978 27331.2
-89.9401 -45.7978 27362.4
-89.9401 -45.7978 28621.7
-89.9401 -45.7478 27094.6
-89.9401 -45.7478 26092
-89.9401 -45.7478 26922.6
-89.9401 -45.7478 26985.2
-89.9401 -45.7478 26847.8
-89.9401 -45.7478 27686.1
-89.9401 -45.7478 27790.9
-89.9401 -45.7478 27259.4
-89.9401 -45.7478 27207.1
-89.9401 -45.7478 27353.9
-89.9401 -45.6978 27742.6
-89.9401 -45.6978 27042.3
-89.9401 -45.6978 28165.1
-89.9401 -45.6978 27248.1
-89.9401 -45.6978 27619.9
-89.9401 -45.6978 26531
-89.9401 -45.6978 26803.8
-89.9401 -45.6978 27156.6
-89.9401 -45.6978 26719.7
-89.9401 -45.6978 26958.1
-89.9401 -45.6478 26518.3
-89.9401 -45.6478 27612.5
-89.9401 -45.6478 26983.5
-89.9401 -45.6478 27139.3
-89.9401 -45.6478 27877.4
-89.9401 -45.6478 27602.1
-89.9401 -45.6478 28633.1
-89.9401 -45.6478 26906.5
-89.9401 -45.6478 27067.6
-89.9401 -45.6478 28184.2
-89.9401 -45.5978 28116.1
-89.9401 -45.5978 27103.8
-89.9401 -45.5978 27050.9
-89.9401 -45.5978 26831.2
-89.9401 -45.5978 27480.6
-89.9401 -45.5978 26571.3
-89.9401 -45.5978 26933
-89.9401 -45.5978 27394.4
-89.9401 -45.5978 27553.4
-89.9401 -45.5978 26081.1
-89.9401 -45.5478 27421.6
-89.9401 -45.5478 27184.7
-89.9401 -45.5478 26390.5
-89.9401 -45.5478 26200.8
-89.9401 -45.5478 26200.8
-89.9401 -45.5478 26617.9
-89.9401 -45.5478 27926.5
-89.9401 -45.5478 26842.7
-89.9401 -45.5478 27417.3
-89.9401 -45.5478 26552.7
-89.9401 -45.4978 26834.6
-89.9401 -45.4978 26607
-89.9401 -45.4978 27672.5
-89.9401 -45.4978 27336.9
-89.9401 -45.4978 26160.6
-89.9401 -45.4978 26782.5
-89.9401 -45.4978 26275.6
-89.9401 -45.4978 26822.9
-89.9401 -45.4978 25594.6
-89.9401 -45.4978 26890.8
-89.9401 -45.4478 26134.1
-89.9401 -45.4478 26431.5
-89.9401 -45.4478 26310.8
-89.9401 -45.4478 26954
-89.9401 -45.4478 27332.2
-89.9401 -45.4478 26568.5
-89.9401 -45.4478 26734.2
-89.9401 -45.4478 26316.5
-89.9401 -45.4478 27177.3
-89.9401 -45.4478 26864.6
-89.9401 -45.3978 27336.5
-89.9401 -45.3978 26200.1
-89.9401 -45.3978 26094.5
-89.9401 -45.3978 25198.8
-89.9401 -45.3978 26980
-89.9401 -45.3978 25872.6
-89.9401 -45.3978 26727.5
-89.9401 -45.3978 26692.9
-89.9401 -45.3978 26758.1
-89.9401 -45.3978 25958.8
-89.9401 -45.3478 26621.8
-89.9401 -45.3478 27676.2
-89.9401 -45.3478 26467.9
-89.9401 -45.3478 26128.9
-89.9401 -45.3478 26674.4
-89.9401 -45.3478 27232.1
-89.9401 -45.3478 26671.8
-89.9401 -45.3478 26760.2
-89.9401 -45.3478 26378.1
-89.9401 -45.3478 25815.7
-89.9401 -45.2978 25864.9
-89.9401 -45.2978 26182.4
-89.9401 -45.2978 25591.7
-89.9401 -45.2978 26400.1
-89.9401 -45.2978 26315.9
-89.9401 -45.2978 26771.2
-89.9401 -45.2978 26282.2
-89.9401 -45.2978 25921.4
-89.9401 -45.2978 25903.1
-89.9401 -45.2978 26515.8
-89.9401 -45.2478 26309.3
-89.9401 -45.2478 26256.3
-89.9401 -45.2478 25862.7
-89.9401 -45.2478 25871.7
-89.9401 -45.2478 26745.2
-89.9401 -45.2478 26190.1
-89.9401 -45.2478 26408.1
-89.9401 -45.2478 25826.2
-89.9401 -45.2478 25962.7
-89.9401 -45.2478 26833
-89.9401 -45.1978 25576.9
-89.9401 -45.1978 27319.9
-89.9401 -45.1978 26059.6
-89.9401 -45.1978 26471.3
-89.9401 -45.1978 25570.9
-89.9401 -45.1978 26512.3
-89.9401 -45.1978 26513.2
-89.9401 -45.1978 26734.6
-89.9401 -45.1978 25948.8
-89.9401 -45.1978 26149.7
-89.9401 -45.1478 26136.3
-89.9401 -45.1478 25775.2
-89.9401 -45.1478 27725.8
-89.9401 -45.1478 26166.6
-89.9401 -45.1478 25363.4
-89.9401 -45.1478 26068.7
-89.9401 -45.1478 25431.5
-89.9401 -45.1478 25970.1
-89.9401 -45.1478 26736.7
-89.9401 -45.1478 26801
-89.9401 -45.0978 25806.8
-89.9401 -45.0978 26999.2
-89.9401 -45.0978 27518.4
-89.9401 -45.0978 26503.2
-89.9401 -45.0978 26510.8
-89.9401 -45.0978 26043.8
-89.9401 -45.0978 27560.9
-89.9401 -45.0978 27504.6
-89.9401 -45.0978 26030.4
-89.9401 -45.0978 26247.9
-89.9401 -45.0478 27312.9
-89.9401 -45.0478 27836
-89.9401 -45.0478 26538.9
-89.9401 -45.0478 26612.8
-89.9401 -45.0478 27534.2
-89.9401 -45.0478 26197.5
-89.9401 -45.0478 27334.2
-89.9401 -45.0478 27810
-89.9401 -45.0478 27253.7
-89.9401 -45.0478 26900.1
-89.9401 -44.9978 26614.6
-89.9401 -44.9978 27450.4
-89.9401 -44.9978 26660.5
-89.9401 -44.9978 27318.8
-89.9401 -44.9978 26928.1
-89.9401 -44.9978 27658.6
-89.9401 -44.9978 27760.8
-89.9401 -44.9978 26798.4
-89.9401 -44.9978 27361.5
-89.9401 -44.9978 26784
-89.9401 -44.9478 27357.2
-89.9401 -44.9478 27069.5
-89.9401 -44.9478 28267.5
-89.9401 -44.9478 26602.6
-89.9401 -44.9478 28007.2
-89.9401 -44.9478 27358.5
-89.9401 -44.9478 26356.5
-89.9401 -44.9478 27799.2
-89.9401 -44.9478 26501.4
-89.9401 -44.9478 28162.8
-89.9401 -44.8978 26943.5
-89.9401 -44.8978 27280.4
-89.9401 -44.8978 26742.6
-89.9401 -44.8978 27774.1
-89.9401 -44.8978 26109.3
-89.9401 -44.8978 27427.5
-89.9401 -44.8978 26974.3
-89.9401 -44.8978 28550.6
-89.9401 -44.8978 27844.6
-89.9401 -44.8978 27356.4
-89.9401 -44.8478 26388.4
-89.9401 -44.8478 27408.5
-89.9401 -44.8478 26589.3
-89.9401 -44.8478 26928.8
-89.9401 -44.8478 27939
-89.9401 -44.8478 27688
-89.9401 -44.8478 28246
-89.9401 -44.8478 27248.7
-89.9401 -44.8478 26545.9
-89.9401 -44.8478 27556.5
-89.9401 -44.7978 27662
-89.9401 -44.7978 27878.1
-89.9401 -44.7978 26579
-89.9401 -44.7978 28032.3
-89.9401 -44.7978 26959.4
-89.9401 -44.7978 27724.3
-89.9401 -44.7978 27860
-89.9401 -44.7978 26721.1
-89.9401 -44.7978 27486.9
-89.9401 -44.7978 27975.5
-89.9401 -44.7478 27904.3
-89.9401 -44.7478 26667.7
-89.9401 -44.7478 28188.1
-89.9401 -44.7478 26234
-89.9401 -44.7478 27468.4
-89.9401 -44.7478 28030
-89.9401 -44.7478 27818.1
-89.9401 -44.7478 27665.3
-89.9401 -44.7478 27051.5
-89.9401 -44.7478 27288.1
-89.9401 -44.6978 26886.3
-89.9401 -44.6978 27900.7
-89.9401 -44.6978 27326.7
-89.9401 -44.6978 27071.6
-89.9401 -44.6978 26776.2
-89.9401 -44.6978 27355
-89.9401 -44.6978 26887.6
-89.9401 -44.6978 27420.5
-89.9401 -44.6978 26472.1
-89.9401 -44.6978 27655.4
-89.9401 -44.6478 28025
-89.9401 -44.6478 26407.3
-89.9401 -44.6478 26837.9
-89.9401 -44.6478 26503.2
-89.9401 -44.6478 26361.4
-89.9401 -44.6478 26929.6
-89.9401 -44.6478 26606.7
-89.9401 -44.6478 27139.6
-89.9401 -44.6478 27170.6
-89.9401 -44.6478 27158.4
-89.9401 -44.5978 27224
-89.9401 -44.5978 26775.1
-89.9401 -44.5978 27092.4
-89.9401 -44.5978 28470.2
-89.9401 -44.5978 27646.4
-89.9401 -44.5978 27704.2
-89.9401 -44.5978 26980.1
-89.9401 -44.5978 27030.9
-89.9401 -44.5978 26925.9
-89.9401 -44.5978 26802.8
-89.9401 -44.5478 27651.6
-89.9401 -44.5478 27975.7
-89.9401 -44.5478 27503.1
-89.9401 -44.5478 26817.2
-89.9401 -44.5478 26964.3
-89.9401 -44.5478 26883.2
-89.9401 -44.5478 27356.1
-89.9401 -44.5478 27287.3
-89.9401 -44.5478 26575.8
-89.9401 -44.5478 28103.7
-89.9401 -44.4978 27470.2
-89.9401 -44.4978 27408.4
-89.9401 -44.4978 27751.4
-89.9401 -44.4978 26922
-89.9401 -44.4978 28215.5
-89.9401 -44.4978 26925.3
-89.9401 -44.4978 28160.2
-89.9401 -44.4978 26853.7
-89.9401 -44.4978 27691.4
-89.9401 -44.4978 27397.5
-89.9401 -44.4478 27209.4
-89.9401 -44.4478 27931.7
-89.9401 -44.4478 26016.8
-89.9401 -44.4478 27976.3
-89.9401 -44.4478 27278.8
-89.9401 -44.4478 26925.3
-89.9401 -44.4478 27191.9
-89.9401 -44.4478 28044
-89.9401 -44.4478 26794.4
-89.9401 -44.4478 26820.6
-89.9401 -44.3978 27580.6
-89.9401 -44.3978 27864
-89.9401 -44.3978 28172.1
-89.9401 -44.3978 27517.9
-89.9401 -44.3978 27583.5
-89.9401 -44.3978 27085.3
-89.9401 -44.3978 27223.8
-89.9401 -44.3978 27098.6
-89.9401 -44.3978 26736.5
-89.9401 -44.3978 27011.4
-89.9401 -44.3478 26669.7
-89.9401 -44.3478 27240.6
-89.9401 -44.3478 27417.1
-89.9401 -44.3478 26791.9
-89.9401 -44.3478 27463
-89.9401 -44.3478 28087.8
-89.9401 -44.3478 27342.4
-89.9401 -44.3478 27140.5
-89.9401 -44.3478 27674.5
-89.9401 -44.3478 26817.2
-89.9401 -44.2978 27621.1
-89.9401 -44.2978 26231.3
-89.9401 -44.2978 27913.4
-89.9401 -44.2978 28144.8
-89.9401 -44.2978 27463.5
-89.9401 -44.2978 27152.4
-89.9401 -44.2978 27820.8
-89.9401 -44.2978 26931.2
-89.9401 -44.2978 26908
-89.9401 -44.2978 28129.8
-89.9401 -44.2478 25934.8
-89.9401 -44.2478 26681.8
-89.9401 -44.2478 26823.8
-89.9401 -44.2478 27083.7
-89.9401 -44.2478 28373.8
-89.9401 -44.2478 26641.7
-89.9401 -44.2478 26988.5
-89.9401 -44.2478 26784.2
-89.9401 -44.2478 27281.6
-89.9401 -44.2478 27786.8
-89.9401 -44.1978 27436.8
-89.9401 -44.1978 27240.2
-89.9401 -44.1978 27241.2
-89.9401 -44.1978 26860.6
-89.9401 -44.1978 26257.9
-89.9401 -44.1978 27611.6
-89.9401 -44.1978 26672.7
-89.9401 -44.1978 26996.3
-89.9401 -44.1978 27508.2
-89.9401 -44.1978 27343
-89.9401 -44.1478 27183.9
-89.9401 -44.1478 28002.9
-89.9401 -44.1478 27401
-89.9401 -44.1478 27428.3
-89.9401 -44.1478 27119.8
-89.9401 -44.1478 27697.3
-89.9401 -44.1478 27261.8
-89.9401 -44.1478 27612.3
-89.9401 -44.1478 27157.5
-89.9401 -44.1478 27217.8
-89.9401 -44.0978 26511.8
-89.9401 -44.0978 26484.6
-89.9401 -44.0978 26894.9
-89.9401 -44.0978 26776.9
-89.9401 -44.0978 26452.1
-89.9401 -44.0978 26087.4
-89.9401 -44.0978 27392.9
-89.9401 -44.0978 26174.4
-89.9401 -44.0978 26879.6
-89.9401 -44.0978 26393.8
-89.9401 -44.0478 26419
-89.9401 -44.0478 25052.7
-89.9401 -44.0478 26019.8
-89.9401 -44.0478 25586.7
-89.9401 -44.0478 26709.6
-89.9401 -44.0478 25381
-89.9401 -44.0478 26166.2
-89.9401 -44.0478 25643.6
-89.9401 -44.0478 25603
-89.9401 -44.0478 25812.3
-89.9401 -43.9978 24432.7
-89.9401 -43.9978 25576.4
-89.9401 -43.9978 25178.4
-89.9401 -43.9978 24987.3
-89.9401 -43.9978 24972.3
-89.9401 -43.9978 25471.1
-89.9401 -43.9978 24375.1
-89.9401 -43.9978 23902.4
-89.9401 -43.9978 25190
-89.9401 -43.9978 24959.5
-89.9401 -43.9478 23221.3
-89.9401 -43.9478 23835.6
-89.9401 -43.9478 23000.1
-89.9401 -43.9478 23803.2
-89.9401 -43.9478 24029
-89.9401 -43.9478 24443.1
-89.9401 -43.9478 24158.7
-89.9401 -43.9478 24105.3
-89.9401 -43.9478 23537.5
-89.9401 -43.9478 24131
-89.9401 -43.8978 22702.8
-89.9401 -43.8978 21783.7
-89.9401 -43.8978 21926.6
-89.9401 -43.8978 22040.6
-89.9401 -43.8978 21867.4
-89.9401 -43.8978 22515
-89.9401 -43.8978 21812.9
-89.9401 -43.8978 22518.9
-89.9401 -43.8978 21517.8
-89.9401 -43.8978 22253.5
-89.9401 -43.8478 19650.7
-89.9401 -43.8478 19952.3
-89.9401 -43.8478 19873
-89.9401 -43.8478 19867.8
-89.9401 -43.8478 19984.8
-89.9401 -43.8478 19817.7
-89.9401 -43.8478 20066.3
-89.9401 -43.8478 19872.6
-89.9401 -43.8478 20599.3
-89.9401 -43.8478 19700
-89.9401 -43.7978 17059.9
-89.9401 -43.7978 16626.4
-89.9401 -43.7978 17338
-89.9401 -43.7978 17011.1
-89.9401 -43.7978 16755.7
-89.9401 -43.7978 17281.2
-89.9401 -43.7978 16896.6
-89.9401 -43.7978 17155.5
-89.9401 -43.7978 17398.6
-89.9401 -43.7978 17159.2
-89.9401 -43.7478 15146.1
-89.9401 -43.7478 14829.2
-89.9401 -43.7478 14945
-89.9401 -43.7478 14616.2
-89.9401 -43.7478 14234.8
-89.9401 -43.7478 14699.1
-89.9401 -43.7478 14749
-89.9401 -43.7478 14249.1
-89.9401 -43.7478 14243
-89.9401 -43.7478 14357.4
-89.9401 -43.6978 11488.1
-89.9401 -43.6978 11500
-89.9401 -43.6978 11422.3
-89.9401 -43.6978 11662.1
-89.9401 -43.6978 11182.9
-89.9401 -43.6978 11869.3
-89.9401 -43.6978 11557
-89.9401 -43.6978 11707.7
-89.9401 -43.6978 11760.8
-89.9401 -43.6978 11629.7
-89.9401 -43.6478 9649.29
-89.9401 -43.6478 8644.22
-89.9401 -43.6478 9274.03
-89.9401 -43.6478 9109.34
-89.9401 -43.6478 9009.91
-89.9401 -43.6478 9420.92
-89.9401 -43.6478 9111.05
-89.9401 -43.6478 9119.06
-89.9401 -43.6478 8757.66
-89.9401 -43.6478 9345.11
-89.9401 -43.5978 7177.98
-89.9401 -43.5978 7177.95
-89.9401 -43.5978 7128.81
-89.9401 -43.5978 6974.69
-89.9401 -43.5978 6952.09
-89.9401 -43.5978 6678.1
-89.9401 -43.5978 7244.09
-89.9401 -43.5978 7433.93
-89.9401 -43.5978 7166.82
-89.9401 -43.5978 7180.65
-89.9401 -43.5478 4828.25
-89.9401 -43.5478 5298.38
-89.9401 -43.5478 5549.87
-89.9401 -43.5478 5272.69
-89.9401 -43.5478 5226.99
-89.9401 -43.5478 4944
-89.9401 -43.5478 5534.85
-89.9401 -43.5478 5214.87
-89.9401 -43.5478 5014.14
-89.9401 -43.5478 5065.93
-89.9401 -43.4978 3706.25
-89.9401 -43.4978 3898.92
-89.9401 -43.4978 3788.65
-89.9401 -43.4978 3794.69
-89.9401 -43.4978 3714.34
-89.9401 -43.4978 3997.28
-89.9401 -43.4978 4286.94
-89.9401 -43.4978 3587.59
-89.9401 -43.4978 3515.31
-89.9401 -43.4978 4060.99
-89.9401 -43.4478 2979.99
-89.9401 -43.4478 3146.22
-89.9401 -43.4478 2884.98
-89.9401 -43.4478 2997.59
-89.9401 -43.4478 2953.64
-89.9401 -43.4478 2655.63
-89.9401 -43.4478 2918.13
-89.9401 -43.4478 2862.89
-89.9401 -43.4478 2855.72
-89.9401 -43.4478 2678.95
-89.9401 -43.3978 2576.93
-89.9401 -43.3978 2093.13
-89.9401 -43.3978 2648.41
-89.9401 -43.3978 2355.28
-89.9401 -43.3978 2278.98
-89.9401 -43.3978 2230
-89.9401 -43.3978 2543.45
-89.9401 -43.3978 2306.3
-89.9401 -43.3978 2191.21
-89.9401 -43.3978 2270.13
-89.9401 -43.3478 2174.53
-89.9401 -43.3478 1723.46
-89.9401 -43.3478 2204.18
-89.9401 -43.3478 1859.8
-89.9401 -43.3478 1976.08
-89.9401 -43.3478 1774.96
-89.9401 -43.3478 2039.34
-89.9401 -43.3478 1990.64
-89.9401 -43.3478 1821.91
-89.9401 -43.3478 2000.78
-89.9401 -43.2978 1687.32
-89.9401 -43.2978 1661.47
-89.9401 -43.2978 1749.75
-89.9401 -43.2978 1781.62
-89.9401 -43.2978 1919.02
-89.9401 -43.2978 1952.44
-89.9401 -43.2978 1556.35
-89.9401 -43.2978 1662.5
-89.9401 -43.2978 1568.36
-89.9401 -43.2978 1645.21
-89.9401 -43.2478 1452.43
-89.9401 -43.2478 1421.96
-89.9401 -43.2478 1540.73
-89.9401 -43.2478 1470.66
-89.9401 -43.2478 1645.07
-89.9401 -43.2478 1556.23
-89.9401 -43.2478 1701.37
-89.9401 -43.2478 1418.04
-89.9401 -43.2478 1371.25
-89.9401 -43.2478 1543.82
-89.9401 -43.1978 1461.33
-89.9401 -43.1978 1478
-89.9401 -43.1978 1450.44
-89.9401 -43.1978 1611.27
-89.9401 -43.1978 1520.47
-89.9401 -43.1978 1414.75
-89.9401 -43.1978 1462.02
-89.9401 -43.1978 1690.48
-89.9401 -43.1978 1428.56
-89.9401 -43.1978 1443.74
-89.9401 -43.1478 1461.31
-89.9401 -43.1478 1495.89
-89.9401 -43.1478 1498.23
-89.9401 -43.1478 1389.91
-89.9401 -43.1478 1628.63
-89.9401 -43.1478 1469.46
-89.9401 -43.1478 1391
-89.9401 -43.1478 1517.71
-89.9401 -43.1478 1400.04
-89.9401 -43.1478 1577.77
-89.9401 -43.0978 1292.5
-89.9401 -43.0978 1295.39
-89.9401 -43.0978 1355.87
-89.9401 -43.0978 1347.8
-89.9401 -43.0978 1344.8
-89.9401 -43.0978 1209.41
-89.9401 -43.0978 1599
-89.9401 -43.0978 1362.41
-89.9401 -43.0978 1306.09
-89.9401 -43.0978 1323.37
-89.9401 -43.0478 1549.85
-89.9401 -43.0478 1293.52
-89.9401 -43.0478 1432.49
-89.9401 -43.0478 1480.33
-89.9401 -43.0478 1433.8
-89.9401 -43.0478 1401.36
-89.9401 -43.0478 1391.4
-89.9401 -43.0478 1511.81
-89.9401 -43.0478 1413.62
-89.9401 -43.0478 1344.38
-89.9401 -42.9978 1652.31
-89.9401 -42.9978 1265.69
-89.9401 -42.9978 1492.54
-89.9401 -42.9978 1402.43
-89.9401 -42.9978 1353.81
-89.9401 -42.9978 1462.22
-89.9401 -42.9978 1384.07
-89.9401 -42.9978 1223.36
-89.9401 -42.9978 1249.09
-89.9401 -42.9978 1318.3
-89.9401 -42.9478 1377.35
-89.9401 -42.9478 1290.86
-89.9401 -42.9478 1422.85
-89.9401 -42.9478 1230.59
-89.9401 -42.9478 1391.9
-89.9401 -42.9478 1373.12
-89.9401 -42.9478 1306.57
-89.9401 -42.9478 1418.69
-89.9401 -42.9478 1410.28
-89.9401 -42.9478 1318.23
-89.9401 -42.8978 1293.73
-89.9401 -42.8978 1358.23
-89.9401 -42.8978 1366.97
-89.9401 -42.8978 1249.71
-89.9401 -42.8978 1298.13
-89.9401 -42.8978 1402.64
-89.9401 -42.8978 1350.4
-89.9401 -42.8978 1193.27
-89.9401 -42.8978 1492.74
-89.9401 -42.8978 1312.58
-89.9401 -42.8478 1369.61
-89.9401 -42.8478 1486.36
-89.9401 -42.8478 1366.87
-89.9401 -42.8478 1219.34
-89.9401 -42.8478 1277.95
-89.9401 -42.8478 1520.3
-89.9401 -42.8478 1220.54
-89.9401 -42.8478 1307.69
-89.9401 -42.8478 1443.54
-89.9401 -42.8478 1295.28
-89.9401 -42.7978 1256.58
-89.9401 -42.7978 1461.49
-89.9401 -42.7978 1342.49
-89.9401 -42.7978 1234.55
-89.9401 -42.7978 1399.88
-89.9401 -42.7978 1282.2
-89.9401 -42.7978 1595.79
-89.9401 -42.7978 1423.11
-89.9401 -42.7978 1400.56
-89.9401 -42.7978 1371.1
-89.9401 -42.7478 1390.52
-89.9401 -42.7478 1195.55
-89.9401 -42.7478 1302.39
-89.9401 -42.7478 1245.4
-89.9401 -42.7478 1504.85
-89.9401 -42.7478 1319.11
-89.9401 -42.7478 1495.87
-89.9401 -42.7478 1337.23
-89.9401 -42.7478 1229.56
-89.9401 -42.7478 1646.49
-89.9401 -42.6978 1495.91
-89.9401 -42.6978 1224.85
-89.9401 -42.6978 1397.03
-89.9401 -42.6978 1380.08
-89.9401 -42.6978 1316.86
-89.9401 -42.6978 1352.96
-89.9401 -42.6978 1438.95
-89.9401 -42.6978 1473.7
-89.9401 -42.6978 1625.12
-89.9401 -42.6978 1629.98
-89.9401 -42.6478 1288.09
-89.9401 -42.6478 1102.33
-89.9401 -42.6478 1227.41
-89.9401 -42.6478 1447.75
-89.9401 -42.6478 1267.62
-89.9401 -42.6478 1140.76
-89.9401 -42.6478 1327.51
-89.9401 -42.6478 1335.43
-89.9401 -42.6478 1366.51
-89.9401 -42.6478 1390.88
-89.9401 -42.5978 1473.06
-89.9401 -42.5978 1341.7
-89.9401 -42.5978 1433.99
-89.9401 -42.5978 1508.94
-89.9401 -42.5978 1334.98
-89.9401 -42.5978 1520.36
-89.9401 -42.5978 1389.56
-89.9401 -42.5978 1376.41
-89.9401 -42.5978 1139.48
-89.9401 -42.5978 1458.6
-89.9401 -42.5478 1519.64
-89.9401 -42.5478 1245.52
-89.9401 -42.5478 1364.27
-89.9401 -42.5478 1225.21
-89.9401 -42.5478 1177.53
-89.9401 -42.5478 1274.64
-89.9401 -42.5478 1229.66
-89.9401 -42.5478 1306.8
-89.9401 -42.5478 1285.14
-89.9401 -42.5478 1224.64
-89.9401 -42.4978 1313.83
-89.9401 -42.4978 1191.97
-89.9401 -42.4978 1410.4
-89.9401 -42.4978 1494
-89.9401 -42.4978 1277.85
-89.9401 -42.4978 1597.58
-89.9401 -42.4978 1479.64
-89.9401 -42.4978 1346.98
-89.9401 -42.4978 1337.77
-89.9401 -42.4978 1209.42
-89.9401 -42.4478 1318.28
-89.9401 -42.4478 1223.65
-89.9401 -42.4478 1237.38
-89.9401 -42.4478 1243.52
-89.9401 -42.4478 1595.03
-89.9401 -42.4478 1540.61
-89.9401 -42.4478 1454.48
-89.9401 -42.4478 1409.1
-89.9401 -42.4478 1371.7
-89.9401 -42.4478 1403.96
-89.9401 -42.3978 1265.7
-89.9401 -42.3978 1470.82
-89.9401 -42.3978 1347.12
-89.9401 -42.3978 1346.9
-89.9401 -42.3978 1128.21
-89.9401 -42.3978 1200.9
-89.9401 -42.3978 1158.68
-89.9401 -42.3978 1502.74
-89.9401 -42.3978 1317.63
-89.9401 -42.3978 1436.08
-89.9401 -42.3478 1579.95
-89.9401 -42.3478 1402.7
-89.9401 -42.3478 1411.81
-89.9401 -42.3478 1116.82
-89.9401 -42.3478 1065.1
-89.9401 -42.3478 1543.92
-89.9401 -42.3478 1374.81
-89.9401 -42.3478 1454.45
-89.9401 -42.3478 1245.42
-89.9401 -42.3478 1420.56
-89.9401 -42.2978 1460.51
-89.9401 -42.2978 1157.58
-89.9401 -42.2978 1452.42
-89.9401 -42.2978 1383.68
-89.9401 -42.2978 1433.04
-89.9401 -42.2978 1500.82
-89.9401 -42.2978 1314.48
-89.9401 -42.2978 1308.16
-89.9401 -42.2978 1264.41
-89.9401 -42.2978 1199.53
-89.9401 -42.2478 1480.52
-89.9401 -42.2478 1369.53
-89.9401 -42.2478 1255.48
-89.9401 -42.2478 1275.77
-89.9401 -42.2478 1311.43
-89.9401 -42.2478 1269.45
-89.9401 -42.2478 1173.83
-89.9401 -42.2478 1485.21
-89.9401 -42.2478 1382.04
-89.9401 -42.2478 1373.19
