-92.9401 -45.2478 1325.87
-92.9401 -45.2478 1318.18
-92.9401 -45.2478 1560.67
-92.9401 -45.2478 1298.76
-92.9401 -45.2478 1216.77
-92.9401 -45.2478 1400.28
-92.9401 -45.2478 1323.99
-92.9401 -45.2478 1285.92
-92.9401 -45.2478 1364.1
-92.9401 -45.2478 1332.31
-92.8901 -45.2478 1272.17
-92.8901 -45.2478 1416.23
-92.8901 -45.2478 1307.28
-92.8901 -45.2478 1381.76
-92.8901 -45.2478 1437.82
-92.8901 -45.2478 1479.99
-92.8901 -45.2478 1354.63
-92.8901 -45.2478 1342.59
-92.8901 -45.2478 1282.79
-92.8901 -45.2478 1514.11
-92.8401 -45.2478 1347.17
-92.8401 -45.2478 1283.11
-92.8401 -45.2478 1246.7
-92.8401 -45.2478 1405.21
-92.8401 -45.2478 1219.62
-92.8401 -45.2478 1444.69
-92.8401 -45.2478 1584.75
-92.8401 -45.2478 1520.84
-92.8401 -45.2478 1367.03
-92.8401 -45.2478 1334.31
-92.7901 -45.2478 1481.32
-92.7901 -45.2478 1421.82
-92.7901 -45.2478 1274.73
-92.7901 -45.2478 1485.16
-92.7901 -45.2478 1453.47
-92.7901 -45.2478 1200.58
-92.7901 -45.2478 1317.57
-92.7901 -45.2478 1598.35
-92.7901 -45.2478 1611.43
-92.7901 -45.2478 1232.88
-92.7401 -45.2478 1460.69
-92.7401 -45.2478 964.894
-92.7401 -45.2478 1277.59
-92.7401 -45.2478 1368.51
-92.7401 -45.2478 1692.05
-92.7401 -45.2478 1362.46
-92.7401 -45.2478 1314.2
-92.7401 -45.2478 1077.87
-92.7401 -45.2478 1333.56
-92.7401 -45.2478 1345.82
-92.6901 -45.2478 1333.99
-92.6901 -45.2478 1437.24
-92.6901 -45.2478 1380.59
-92.6901 -45.2478 1303.73
-92.6901 -45.2478 1332.52
-92.6901 -45.2478 1313.37
-92.6901 -45.2478 1254.22
-92.6901 -45.2478 1379.06
-92.6901 -45.2478 1340.53
-92.6901 -45.2478 1214.12
-92.6401 -45.2478 1225.77
-92.6401 -45.2478 1376.42
-92.6401 -45.2478 1349.71
-92.6401 -45.2478 1450.53
-92.6401 -45.2478 1375.37
-92.6401 -45.2478 1419.6
-92.6401 -45.2478 1235.46
-92.6401 -45.2478 1392.64
-92.6401 -45.2478 1387.14
-92.6401 -45.2478 1611.92
-92.5901 -45.2478 1234.67
-92.5901 -45.2478 1362.64
-92.5901 -45.2478 1190.09
-92.5901 -45.2478 1379.19
-92.5901 -45.2478 1507.91
-92.5901 -45.2478 1418.75
-92.5901 -45.2478 1189.67
-92.5901 -45.2478 1493.99
-92.5901 -45.2478 1287.82
-92.5901 -45.2478 1440.12
-92.5401 -45.2478 1444.21
-92.5401 -45.2478 1400.92
-92.5401 -45.2478 1441.51
-92.5401 -45.2478 1432.05
-92.5401 -45.2478 1218.73
-92.5401 -45.2478 1374.3
-92.5401 -45.2478 1395.18
-92.5401 -45.2478 1258.03
-92.5401 -45.2478 1344.28
-92.5401 -45.2478 1354.57
-92.4901 -45.2478 1165
-92.4901 -45.2478 1623.53
-92.4901 -45.2478 1247.58
-92.4901 -45.2478 1312.99
-92.4901 -45.2478 1275.98
-92.4901 -45.2478 1239.31
-92.4901 -45.2478 1189.88
-92.4901 -45.2478 1295.18
-92.4901 -45.2478 1372.41
-92.4901 -45.2478 1523.26
-92.4401 -45.2478 1399.64
-92.4401 -45.2478 1330.14
-92.4401 -45.2478 1534
-92.4401 -45.2478 1452.22
-92.4401 -45.2478 1346.49
-92.4401 -45.2478 1494.51
-92.4401 -45.2478 1392.9
-92.4401 -45.2478 1328.32
-92.4401 -45.2478 1306.42
-92.4401 -45.2478 1441.39
-92.3901 -45.2478 1401.47
-92.3901 -45.2478 1430.16
-92.3901 -45.2478 1235.67
-92.3901 -45.2478 1596.66
-92.3901 -45.2478 1517.48
-92.3901 -45.2478 1230.27
-92.3901 -45.2478 1204.17
-92.3901 -45.2478 1276.56
-92.3901 -45.2478 1347.05
-92.3901 -45.2478 1235.43
-92.3401 -45.2478 1233.57
-92.3401 -45.2478 1394.27
-92.3401 -45.2478 1344.49
-92.3401 -45.2478 1244.69
-92.3401 -45.2478 1574.03
-92.3401 -45.2478 1297.89
-92.3401 -45.2478 1316.16
-92.3401 -45.2478 1427.69
-92.3401 -45.2478 1564.28
-92.3401 -45.2478 1275.92
-92.2901 -45.2478 1403.68
-92.2901 -45.2478 1255.06
-92.2901 -45.2478 1495.11
-92.2901 -45.2478 1452.9
-92.2901 -45.2478 1199.61
-92.2901 -45.2478 1340.3
-92.2901 -45.2478 1337.65
-92.2901 -45.2478 1278.19
-92.2901 -45.2478 1316.12
-92.2901 -45.2478 1591.63
-92.2401 -45.2478 1572.17
-92.2401 -45.2478 1608.57
-92.2401 -45.2478 1282.52
-92.2401 -45.2478 1573.82
-92.2401 -45.2478 1429.42
-92.2401 -45.2478 1469.96
-92.2401 -45.2478 1253.62
-92.2401 -45.2478 1327.32
-92.2401 -45.2478 1527.21
-92.2401 -45.2478 1300.66
-92.1901 -45.2478 1190.12
-92.1901 -45.2478 1423.02
-92.1901 -45.2478 1370.01
-92.1901 -45.2478 1214.39
-92.1901 -45.2478 1326.34
-92.1901 -45.2478 1290.39
-92.1901 -45.2478 1395.03
-92.1901 -45.2478 1460.5
-92.1901 -45.2478 1364.28
-92.1901 -45.2478 1308.54
-92.1401 -45.2478 1151.84
-92.1401 -45.2478 1383.68
-92.1401 -45.2478 1268.53
-92.1401 -45.2478 1456.49
-92.1401 -45.2478 1317.26
-92.1401 -45.2478 1343.18
-92.1401 -45.2478 1462.72
-92.1401 -45.2478 1390.77
-92.1401 -45.2478 1245.75
-92.1401 -45.2478 1421.63
-92.0901 -45.2478 1424.45
-92.0901 -45.2478 1325.58
-92.0901 -45.2478 1420.27
-92.0901 -45.2478 1606.74
-92.0901 -45.2478 1245.41
-92.0901 -45.2478 1528.98
-92.0901 -45.2478 1683.54
-92.0901 -45.2478 1423.41
-92.0901 -45.2478 1493.88
-92.0901 -45.2478 1236.78
-92.0401 -45.2478 1480.14
-92.0401 -45.2478 1249.05
-92.0401 -45.2478 1491.87
-92.0401 -45.2478 1355.63
-92.0401 -45.2478 1407.88
-92.0401 -45.2478 1392.78
-92.0401 -45.2478 1470.41
-92.0401 -45.2478 1316.4
-92.0401 -45.2478 1498.3
-92.0401 -45.2478 1389.15
-91.9901 -45.2478 1541.06
-91.9901 -45.2478 1571.86
-91.9901 -45.2478 1475.77
-91.9901 -45.2478 1320
-91.9901 -45.2478 1428.61
-91.9901 -45.2478 1524
-91.9901 -45.2478 1470.98
-91.9901 -45.2478 1450.6
-91.9901 -45.2478 1632.54
-91.9901 -45.2478 1582.65
-91.9401 -45.2478 1632.6
-91.9401 -45.2478 1470.36
-91.9401 -45.2478 1433.54
-91.9401 -45.2478 1567.13
-91.9401 -45.2478 1665.71
-91.9401 -45.2478 1394.62
-91.9401 -45.2478 1656.43
-91.9401 -45.2478 1551.67
-91.9401 -45.2478 1541.74
-91.9401 -45.2478 1683.52
-91.8901 -45.2478 1817.03
-91.8901 -45.2478 1940.02
-91.8901 -45.2478 1937.04
-91.8901 -45.2478 1663.19
-91.8901 -45.2478 1760.23
-91.8901 -45.2478 1685.76
-91.8901 -45.2478 1718.99
-91.8901 -45.2478 1796.72
-91.8901 -45.2478 1715.26
-91.8901 -45.2478 1855.02
-91.8401 -45.2478 2086.59
-91.8401 -45.2478 1962.16
-91.8401 -45.2478 2089.45
-91.8401 -45.2478 2129.57
-91.8401 -45.2478 1896.7
-91.8401 -45.2478 1968.64
-91.8401 -45.2478 2070.36
-91.8401 -45.2478 2254.65
-91.8401 -45.2478 1943.17
-91.8401 -45.2478 2283.02
-91.7901 -45.2478 2431.82
-91.7901 -45.2478 2934.81
-91.7901 -45.2478 2561.79
-91.7901 -45.2478 2557.42
-91.7901 -45.2478 2544.44
-91.7901 -45.2478 2561.8
-91.7901 -45.2478 2491.32
-91.7901 -45.2478 2543.82
-91.7901 -45.2478 2482.08
-91.7901 -45.2478 2362.13
-91.7401 -45.2478 2875.52
-91.7401 -45.2478 3274.54
-91.7401 -45.2478 3154.48
-91.7401 -45.2478 3190.89
-91.7401 -45.2478 2900.2
-91.7401 -45.2478 3103.81
-91.7401 -45.2478 3161.01
-91.7401 -45.2478 3166.19
-91.7401 -45.2478 3273.96
-91.7401 -45.2478 3506.6
-91.6901 -45.2478 4060.64
-91.6901 -45.2478 3975.19
-91.6901 -45.2478 4228.36
-91.6901 -45.2478 3758.74
-91.6901 -45.2478 3884.49
-91.6901 -45.2478 4011.33
-91.6901 -45.2478 3542.93
-91.6901 -45.2478 4174.19
-91.6901 -45.2478 3795.86
-91.6901 -45.2478 4091.16
-91.6401 -45.2478 0
-91.6401 -45.2478 5148.5
-91.6401 -45.2478 5205.57
-91.6401 -45.2478 5280.51
-91.6401 -45.2478 5442.79
-91.6401 -45.2478 5153.89
-91.6401 -45.2478 5565.24
-91.6401 -45.2478 5386.33
-91.6401 -45.2478 5082.16
-91.6401 -45.2478 5210.74
-91.5901 -45.2478 5840.78
-91.5901 -45.2478 6446.29
-91.5901 -45.2478 6716.95
-91.5901 -45.2478 6280.26
-91.5901 -45.2478 6525.67
-91.5901 -45.2478 6575.05
-91.5901 -45.2478 6443.56
-91.5901 -45.2478 6650.56
-91.5901 -45.2478 6407.41
-91.5901 -45.2478 6649.06
-91.5401 -45.2478 9162.66
-91.5401 -45.2478 8943.1
-91.5401 -45.2478 9411.58
-91.5401 -45.2478 8695.49
-91.5401 -45.2478 9608.53
-91.5401 -45.2478 9297.59
-91.5401 -45.2478 9352.97
-91.5401 -45.2478 8929.92
-91.5401 -45.2478 9466.58
-91.5401 -45.2478 9340.91
-91.4901 -45.2478 11765.3
-91.4901 -45.2478 11798.1
-91.4901 -45.2478 12170.5
-91.4901 -45.2478 12271.5
-91.4901 -45.2478 11799.6
-91.4901 -45.2478 11732.8
-91.4901 -45.2478 11923.7
-91.4901 -45.2478 12141.1
-91.4901 -45.2478 12117.1
-91.4901 -45.2478 11864.9
-91.4401 -45.2478 14781.8
-91.4401 -45.2478 14469.7
-91.4401 -45.2478 14840.7
-91.4401 -45.2478 14716
-91.4401 -45.2478 14836.8
-91.4401 -45.2478 15703.3
-91.4401 -45.2478 14532.6
-91.4401 -45.2478 14696.6
-91.4401 -45.2478 15593.4
-91.4401 -45.2478 14279.8
-91.3901 -45.2478 17460.8
-91.3901 -45.2478 17110.3
-91.3901 -45.2478 18715.5
-91.3901 -45.2478 18011.1
-91.3901 -45.2478 17129
-91.3901 -45.2478 18150.4
-91.3901 -45.2478 17362.5
-91.3901 -45.2478 17560.1
-91.3901 -45.2478 17999.9
-91.3901 -45.2478 18386.8
-91.3401 -45.2478 20363.3
-91.3401 -45.2478 20288.4
-91.3401 -45.2478 20183.1
-91.3401 -45.2478 20315.3
-91.3401 -45.2478 20647.3
-91.3401 -45.2478 19882.8
-91.3401 -45.2478 20810.1
-91.3401 -45.2478 20613.6
-91.3401 -45.2478 20011.8
-91.3401 -45.2478 20882.3
-91.2901 -45.2478 22766.9
-91.2901 -45.2478 22594.8
-91.2901 -45.2478 22192.3
-91.2901 -45.2478 23644.4
-91.2901 -45.2478 22258
-91.2901 -45.2478 22703
-91.2901 -45.2478 22497.6
-91.2901 -45.2478 23371.4
-91.2901 -45.2478 23119.7
-91.2901 -45.2478 23036.4
-91.2401 -45.2478 24596.6
-91.2401 -45.2478 23748.8
-91.2401 -45.2478 24410.5
-91.2401 -45.2478 24281.8
-91.2401 -45.2478 24755.2
-91.2401 -45.2478 24676.7
-91.2401 -45.2478 23387.4
-91.2401 -45.2478 0
-91.2401 -45.2478 24918.2
-91.2401 -45.2478 24728.7
-91.1901 -45.2478 25367
-91.1901 -45.2478 25337.7
-91.1901 -45.2478 25621.9
-91.1901 -45.2478 25311.1
-91.1901 -45.2478 25634.9
-91.1901 -45.2478 25486.6
-91.1901 -45.2478 24725.8
-91.1901 -45.2478 26312.7
-91.1901 -45.2478 25441.3
-91.1901 -45.2478 25187.1
-91.1401 -45.2478 26175.4
-91.1401 -45.2478 26317.2
-91.1401 -45.2478 25230.7
-91.1401 -45.2478 25088.7
-91.1401 -45.2478 25913.7
-91.1401 -45.2478 24880.4
-91.1401 -45.2478 26577.8
-91.1401 -45.2478 26061.5
-91.1401 -45.2478 26205.8
-91.1401 -45.2478 25819.6
-91.0901 -45.2478 26873.2
-91.0901 -45.2478 26531.1
-91.0901 -45.2478 25343
-91.0901 -45.2478 0
-91.0901 -45.2478 26711.8
-91.0901 -45.2478 26079.3
-91.0901 -45.2478 25846.5
-91.0901 -45.2478 27020.8
-91.0901 -45.2478 26422.7
-91.0901 -45.2478 26091.9
-91.0401 -45.2478 27008.5
-91.0401 -45.2478 27201.3
-91.0401 -45.2478 26985.1
-91.0401 -45.2478 26891.1
-91.0401 -45.2478 26359.9
-91.0401 -45.2478 26748.9
-91.0401 -45.2478 27586.8
-91.0401 -45.2478 26201.9
-91.0401 -45.2478 26578.4
-91.0401 -45.2478 27058.5
-90.9901 -45.2478 27363.5
-90.9901 -45.2478 27768.1
-90.9901 -45.2478 26305.7
-90.9901 -45.2478 27788.3
-90.9901 -45.2478 27773.2
-90.9901 -45.2478 27020.1
-90.9901 -45.2478 27621.1
-90.9901 -45.2478 27061.6
-90.9901 -45.2478 25937.6
-90.9901 -45.2478 27363.6
-90.9401 -45.2478 26289.6
-90.9401 -45.2478 26737.4
-90.9401 -45.2478 27099.1
-90.9401 -45.2478 26068.4
-90.9401 -45.2478 27148
-90.9401 -45.2478 27844.8
-90.9401 -45.2478 26124.7
-90.9401 -45.2478 27756.6
-90.9401 -45.2478 27578
-90.9401 -45.2478 27066.5
-90.8901 -45.2478 26443.4
-90.8901 -45.2478 27876.4
-90.8901 -45.2478 26720.9
-90.8901 -45.2478 27836.5
-90.8901 -45.2478 27444.2
-90.8901 -45.2478 27527.5
-90.8901 -45.2478 26876.4
-90.8901 -45.2478 27224.6
-90.8901 -45.2478 27698.4
-90.8901 -45.2478 26833.5
-90.8401 -45.2478 28135
-90.8401 -45.2478 27495.9
-90.8401 -45.2478 28122.1
-90.8401 -45.2478 26640.1
-90.8401 -45.2478 27566.3
-90.8401 -45.2478 26935.2
-90.8401 -45.2478 27049.6
-90.8401 -45.2478 27734.8
-90.8401 -45.2478 27640.9
-90.8401 -45.2478 27937.2
-90.7901 -45.2478 26760.2
-90.7901 -45.2478 27421.3
-90.7901 -45.2478 27632.7
-90.7901 -45.2478 26397.8
-90.7901 -45.2478 28041.3
-90.7901 -45.2478 26494.8
-90.7901 -45.2478 27677.7
-90.7901 -45.2478 26551.6
-90.7901 -45.2478 26569.8
-90.7901 -45.2478 27573.2
-90.7401 -45.2478 27202.8
-90.7401 -45.2478 27037
-90.7401 -45.2478 26816.7
-90.7401 -45.2478 27504.3
-90.7401 -45.2478 27805.5
-90.7401 -45.2478 27406.6
-90.7401 -45.2478 27141.1
-90.7401 -45.2478 27297.7
-90.7401 -45.2478 0
-90.7401 -45.2478 27182.8
-90.6901 -45.2478 26553.1
-90.6901 -45.2478 27466.6
-90.6901 -45.2478 27097.3
-90.6901 -45.2478 27982
-90.6901 -45.2478 27810
-90.6901 -45.2478 28623.2
-90.6901 -45.2478 27191.2
-90.6901 -45.2478 26987.6
-90.6901 -45.2478 27654.4
-90.6901 -45.2478 26458.8
-90.6401 -45.2478 26954
-90.6401 -45.2478 27440.2
-90.6401 -45.2478 26701.5
-90.6401 -45.2478 27066.2
-90.6401 -45.2478 27295.9
-90.6401 -45.2478 27678.5
-90.6401 -45.2478 28710.3
-90.6401 -45.2478 26864.1
-90.6401 -45.2478 26760.7
-90.6401 -45.2478 27326.4
-90.5901 -45.2478 27076
-90.5901 -45.2478 27409.7
-90.5901 -45.2478 27210.4
-90.5901 -45.2478 27370.3
-90.5901 -45.2478 27097.8
-90.5901 -45.2478 26697.7
-90.5901 -45.2478 27065.9
-90.5901 -45.2478 25824.8
-90.5901 -45.2478 27215.7
-90.5901 -45.2478 27593.2
-90.5401 -45.2478 28040.8
-90.5401 -45.2478 27243.2
-90.5401 -45.2478 27679.8
-90.5401 -45.2478 26380.7
-90.5401 -45.2478 26857.4
-90.5401 -45.2478 27554.8
-90.5401 -45.2478 26443.9
-90.5401 -45.2478 27324
-90.5401 -45.2478 28021.2
-90.5401 -45.2478 27113.9
-90.4901 -45.2478 27634.1
-90.4901 -45.2478 28502.9
-90.4901 -45.2478 27717.1
-90.4901 -45.2478 27907.1
-90.4901 -45.2478 27019.1
-90.4901 -45.2478 28007.5
-90.4901 -45.2478 27133.3
-90.4901 -45.2478 27625.9
-90.4901 -45.2478 27212.9
-90.4901 -45.2478 27923.3
-90.4401 -45.2478 28106.6
-90.4401 -45.2478 27760.6
-90.4401 -45.2478 27726.8
-90.4401 -45.2478 27205.5
-90.4401 -45.2478 27626.2
-90.4401 -45.2478 27609
-90.4401 -45.2478 28004
-90.4401 -45.2478 27578.7
-90.4401 -45.2478 26936.5
-90.4401 -45.2478 26157.4
-90.3901 -45.2478 27243.2
-90.3901 -45.2478 26469.3
-90.3901 -45.2478 27237.3
-90.3901 -45.2478 26706.5
-90.3901 -45.2478 26938.5
-90.3901 -45.2478 27323.2
-90.3901 -45.2478 27606.3
-90.3901 -45.2478 27203.5
-90.3901 -45.2478 27060.1
-90.3901 -45.2478 26671
-90.3401 -45.2478 26670.5
-90.3401 -45.2478 26569.7
-90.3401 -45.2478 26073.9
-90.3401 -45.2478 26591.9
-90.3401 -45.2478 26267.9
-90.3401 -45.2478 27390
-90.3401 -45.2478 26423.7
-90.3401 -45.2478 26174.8
-90.3401 -45.2478 27186.7
-90.3401 -45.2478 26743.7
-90.2901 -45.2478 26388.3
-90.2901 -45.2478 26159.6
-90.2901 -45.2478 26797
-90.2901 -45.2478 26365.3
-90.2901 -45.2478 26737.5
-90.2901 -45.2478 27270.9
-90.2901 -45.2478 26983.1
-90.2901 -45.2478 26053.9
-90.2901 -45.2478 26933.5
-90.2901 -45.2478 25916.5
-90.2401 -45.2478 25796.7
-90.2401 -45.2478 26323.4
-90.2401 -45.2478 26183.3
-90.2401 -45.2478 25216.6
-90.2401 -45.2478 26521.2
-90.2401 -45.2478 25629
-90.2401 -45.2478 26308
-90.2401 -45.2478 24743.5
-90.2401 -45.2478 26796.4
-90.2401 -45.2478 26017.7
-90.1901 -45.2478 25752.7
-90.1901 -45.2478 24799.5
-90.1901 -45.2478 24421.2
-90.1901 -45.2478 24836.8
-90.1901 -45.2478 25410.8
-90.1901 -45.2478 25416.3
-90.1901 -45.2478 25000.4
-90.1901 -45.2478 25251.7
-90.1901 -45.2478 25151
-90.1901 -45.2478 25939.6
-90.1401 -45.2478 24165.9
-90.1401 -45.2478 24460.2
-90.1401 -45.2478 24967.5
-90.1401 -45.2478 24756.6
-90.1401 -45.2478 24362.8
-90.1401 -45.2478 25063.3
-90.1401 -45.2478 24816.4
-90.1401 -45.2478 25301
-90.1401 -45.2478 24421.8
-90.1401 -45.2478 23829
-90.0901 -45.2478 23859.7
-90.0901 -45.2478 24163.6
-90.0901 -45.2478 24854.9
-90.0901 -45.2478 24434.9
-90.0901 -45.2478 24025.6
-90.0901 -45.2478 23660.7
-90.0901 -45.2478 24093.5
-90.0901 -45.2478 24277
-90.0901 -45.2478 23891.2
-90.0901 -45.2478 24449.7
-90.0401 -45.2478 22824.4
-90.0401 -45.2478 22881.4
-90.0401 -45.2478 23098.4
-90.0401 -45.2478 23225.4
-90.0401 -45.2478 23638
-90.0401 -45.2478 23610.4
-90.0401 -45.2478 23242.7
-90.0401 -45.2478 23892.7
-90.0401 -45.2478 23368.9
-90.0401 -45.2478 24141.3
-89.9901 -45.2478 23468.6
-89.9901 -45.2478 23012.5
-89.9901 -45.2478 23159.1
-89.9901 -45.2478 23991.7
-89.9901 -45.2478 23484.5
-89.9901 -45.2478 24328.6
-89.9901 -45.2478 23755.9
-89.9901 -45.2478 24255.3
-89.9901 -45.2478 23257.8
-89.9901 -45.2478 23825.4
-89.9401 -45.2478 24106.1
-89.9401 -45.2478 23698.7
-89.9401 -45.2478 23808
-89.9401 -45.2478 23044.1
-89.9401 -45.2478 23029.7
-89.9401 -45.2478 24214.3
-89.9401 -45.2478 23786.3
-89.9401 -45.2478 24178.6
-89.9401 -45.2478 22773.1
-89.9401 -45.2478 24032.8
-89.8901 -45.2478 23887.9
-89.8901 -45.2478 23836.2
-89.8901 -45.2478 23978.6
-89.8901 -45.2478 24577.3
-89.8901 -45.2478 23627.2
-89.8901 -45.2478 23835.9
-89.8901 -45.2478 24236.8
-89.8901 -45.2478 23095.9
-89.8901 -45.2478 23290.9
-89.8901 -45.2478 23822.9
-89.8401 -45.2478 24112.8
-89.8401 -45.2478 24867
-89.8401 -45.2478 0
-89.8401 -45.2478 23872.8
-89.8401 -45.2478 24522.9
-89.8401 -45.2478 24284.2
-89.8401 -45.2478 24887.7
-89.8401 -45.2478 24603.1
-89.8401 -45.2478 23962
-89.8401 -45.2478 23700.5
-89.7901 -45.2478 23946.9
-89.7901 -45.2478 24843.9
-89.7901 -45.2478 24976.2
-89.7901 -45.2478 25822.5
-89.7901 -45.2478 24674.8
-89.7901 -45.2478 25804.9
-89.7901 -45.2478 24607
-89.7901 -45.2478 25732.5
-89.7901 -45.2478 24575.5
-89.7901 -45.2478 25570.4
-89.7401 -45.2478 25288.5
-89.7401 -45.2478 25358.8
-89.7401 -45.2478 25660.1
-89.7401 -45.2478 24895.7
-89.7401 -45.2478 25566.4
-89.7401 -45.2478 25558.3
-89.7401 -45.2478 25783.8
-89.7401 -45.2478 25004.2
-89.7401 -45.2478 24516.1
-89.7401 -45.2478 25602.1
-89.6901 -45.2478 25803.6
-89.6901 -45.2478 26279.4
-89.6901 -45.2478 26045.8
-89.6901 -45.2478 26531.8
-89.6901 -45.2478 26607.8
-89.6901 -45.2478 25657.4
-89.6901 -45.2478 26056.5
-89.6901 -45.2478 25877
-89.6901 -45.2478 25599.6
-89.6901 -45.2478 25438.9
-89.6401 -45.2478 26186.6
-89.6401 -45.2478 26476.8
-89.6401 -45.2478 26965.3
-89.6401 -45.2478 27356.7
-89.6401 -45.2478 27720.4
-89.6401 -45.2478 27097.8
-89.6401 -45.2478 26778.2
-89.6401 -45.2478 26199.9
-89.6401 -45.2478 26836.1
-89.6401 -45.2478 26543.3
-89.5901 -45.2478 26429.4
-89.5901 -45.2478 0
-89.5901 -45.2478 26999
-89.5901 -45.2478 27039.9
-89.5901 -45.2478 26518.3
-89.5901 -45.2478 26557.1
-89.5901 -45.2478 27279.9
-89.5901 -45.2478 27122.6
-89.5901 -45.2478 26625.4
-89.5901 -45.2478 27150.7
-89.5401 -45.2478 26314.6
-89.5401 -45.2478 27980.4
-89.5401 -45.2478 26626.5
-89.5401 -45.2478 27673.5
-89.5401 -45.2478 27620.1
-89.5401 -45.2478 27317.2
-89.5401 -45.2478 27295.9
-89.5401 -45.2478 27505.8
-89.5401 -45.2478 27946
-89.5401 -45.2478 26612.6
-89.4901 -45.2478 28315.9
-89.4901 -45.2478 27886.9
-89.4901 -45.2478 27322.8
-89.4901 -45.2478 27738.1
-89.4901 -45.2478 27401.5
-89.4901 -45.2478 28131.3
-89.4901 -45.2478 28265.6
-89.4901 -45.2478 27256.2
-89.4901 -45.2478 27309.4
-89.4901 -45.2478 27172.4
-89.4401 -45.2478 28236.7
-89.4401 -45.2478 27761.1
-89.4401 -45.2478 27574.6
-89.4401 -45.2478 26994.5
-89.4401 -45.2478 26820.3
-89.4401 -45.2478 27751.7
-89.4401 -45.2478 28145.4
-89.4401 -45.2478 27560.3
-89.4401 -45.2478 26972.1
-89.4401 -45.2478 27583.1
-89.3901 -45.2478 28063.8
-89.3901 -45.2478 26591.7
-89.3901 -45.2478 27477.1
-89.3901 -45.2478 27484.9
-89.3901 -45.2478 26907.3
-89.3901 -45.2478 27486
-89.3901 -45.2478 28419.6
-89.3901 -45.2478 27234.3
-89.3901 -45.2478 28097.7
-89.3901 -45.2478 26675.4
-89.3401 -45.2478 27759.8
-89.3401 -45.2478 27004.4
-89.3401 -45.2478 27229.5
-89.3401 -45.2478 27112.4
-89.3401 -45.2478 28126.8
-89.3401 -45.2478 27152.5
-89.3401 -45.2478 28582.1
-89.3401 -45.2478 27636.8
-89.3401 -45.2478 28395.8
-89.3401 -45.2478 27177.8
-89.2901 -45.2478 27605.4
-89.2901 -45.2478 27646.6
-89.2901 -45.2478 27174.8
-89.2901 -45.2478 27364.2
-89.2901 -45.2478 28631.8
-89.2901 -45.2478 28143.8
-89.2901 -45.2478 26855.1
-89.2901 -45.2478 27659.3
-89.2901 -45.2478 27549.5
-89.2901 -45.2478 27739.8
-89.2401 -45.2478 27129.1
-89.2401 -45.2478 27803.8
-89.2401 -45.2478 27595.9
-89.2401 -45.2478 27500.2
-89.2401 -45.2478 28080.5
-89.2401 -45.2478 27219.7
-89.2401 -45.2478 28507.4
-89.2401 -45.2478 27825.3
-89.2401 -45.2478 27593.2
-89.2401 -45.2478 27388.7
-89.1901 -45.2478 27617.2
-89.1901 -45.2478 27250.2
-89.1901 -45.2478 27823.5
-89.1901 -45.2478 26599.3
-89.1901 -45.2478 26944.2
-89.1901 -45.2478 27056.5
-89.1901 -45.2478 27547
-89.1901 -45.2478 27685.2
-89.1901 -45.2478 27163.5
-89.1901 -45.2478 27529.5
-89.1401 -45.2478 27802.7
-89.1401 -45.2478 27663.8
-89.1401 -45.2478 26916.6
-89.1401 -45.2478 27215.2
-89.1401 -45.2478 27218.8
-89.1401 -45.2478 26968.3
-89.1401 -45.2478 27644.7
-89.1401 -45.2478 27527.6
-89.1401 -45.2478 26140.9
-89.1401 -45.2478 27119.2
-89.0901 -45.2478 26919.6
-89.0901 -45.2478 27732.1
-89.0901 -45.2478 26860.4
-89.0901 -45.2478 27173.1
-89.0901 -45.2478 27467.2
-89.0901 -45.2478 28104.8
-89.0901 -45.2478 27139.1
-89.0901 -45.2478 26978.4
-89.0901 -45.2478 26699.9
-89.0901 -45.2478 28160.7
-89.0401 -45.2478 27098.8
-89.0401 -45.2478 27104.3
-89.0401 -45.2478 27436.7
-89.0401 -45.2478 28148.6
-89.0401 -45.2478 27058.3
-89.0401 -45.2478 28173.4
-89.0401 -45.2478 27183.6
-89.0401 -45.2478 26371.5
-89.0401 -45.2478 27179
-89.0401 -45.2478 27040.9
-88.9901 -45.2478 27118.6
-88.9901 -45.2478 27018.8
-88.9901 -45.2478 27242.9
-88.9901 -45.2478 27142.3
-88.9901 -45.2478 27418.4
-88.9901 -45.2478 26719.6
-88.9901 -45.2478 26574
-88.9901 -45.2478 27344.6
-88.9901 -45.2478 27037.2
-88.9901 -45.2478 27261.7
-88.9401 -45.2478 27326.6
-88.9401 -45.2478 25824.6
-88.9401 -45.2478 27161.8
-88.9401 -45.2478 27257.4
-88.9401 -45.2478 26797.1
-88.9401 -45.2478 27192.3
-88.9401 -45.2478 27886.8
-88.9401 -45.2478 26859.4
-88.9401 -45.2478 27381.4
-88.9401 -45.2478 26909.3
-88.8901 -45.2478 26413
-88.8901 -45.2478 26849.6
-88.8901 -45.2478 27131.6
-88.8901 -45.2478 26570
-88.8901 -45.2478 26382.5
-88.8901 -45.2478 26960.4
-88.8901 -45.2478 27047.7
-88.8901 -45.2478 26891.8
-88.8901 -45.2478 27413.4
-88.8901 -45.2478 27320.1
-88.8401 -45.2478 27662.5
-88.8401 -45.2478 26049.3
-88.8401 -45.2478 26670
-88.8401 -45.2478 26645.4
-88.8401 -45.2478 26373.4
-88.8401 -45.2478 26369
-88.8401 -45.2478 27810.7
-88.8401 -45.2478 26372.5
-88.8401 -45.2478 26375.2
-88.8401 -45.2478 26236.3
-88.7901 -45.2478 26662.2
-88.7901 -45.2478 27085.2
-88.7901 -45.2478 26312.5
-88.7901 -45.2478 26987.9
-88.7901 -45.2478 26371.2
-88.7901 -45.2478 26347.1
-88.7901 -45.2478 26649.9
-88.7901 -45.2478 26456.9
-88.7901 -45.2478 26066.4
-88.7901 -45.2478 27128.6
-88.7401 -45.2478 26102.5
-88.7401 -45.2478 26154.8
-88.7401 -45.2478 26592.1
-88.7401 -45.2478 26371.4
-88.7401 -45.2478 25110.9
-88.7401 -45.2478 26402.2
-88.7401 -45.2478 25991.9
-88.7401 -45.2478 25875.3
-88.7401 -45.2478 25225.9
-88.7401 -45.2478 26349.9
-88.6901 -45.2478 24889.6
-88.6901 -45.2478 26460.3
-88.6901 -45.2478 25570.4
-88.6901 -45.2478 25335.9
-88.6901 -45.2478 25055.7
-88.6901 -45.2478 24763.8
-88.6901 -45.2478 25191.5
-88.6901 -45.2478 24697.3
-88.6901 -45.2478 25038.8
-88.6901 -45.2478 25029.3
-88.6401 -45.2478 23525.2
-88.6401 -45.2478 23428.1
-88.6401 -45.2478 23992.3
-88.6401 -45.2478 23853.2
-88.6401 -45.2478 23114.3
-88.6401 -45.2478 23566.3
-88.6401 -45.2478 24261.9
-88.6401 -45.2478 24060
-88.6401 -45.2478 23629.6
-88.6401 -45.2478 23851.8
-88.5901 -45.2478 21791.8
-88.5901 -45.2478 21207.7
-88.5901 -45.2478 22853.3
-88.5901 -45.2478 22199.2
-88.5901 -45.2478 22145.7
-88.5901 -45.2478 21997.8
-88.5901 -45.2478 21762.5
-88.5901 -45.2478 22605.5
-88.5901 -45.2478 22717.2
-88.5901 -45.2478 22837.1
-88.5401 -45.2478 20973.7
-88.5401 -45.2478 19867.4
-88.5401 -45.2478 19551.8
-88.5401 -45.2478 19003.2
-88.5401 -45.2478 18850.2
-88.5401 -45.2478 19609.7
-88.5401 -45.2478 19864.2
-88.5401 -45.2478 19628.3
-88.5401 -45.2478 19365.5
-88.5401 -45.2478 19120.1
-88.4901 -45.2478 16968.5
-88.4901 -45.2478 16561.3
-88.4901 -45.2478 16919.6
-88.4901 -45.2478 16953.9
-88.4901 -45.2478 16089.6
-88.4901 -45.2478 16881.8
-88.4901 -45.2478 16117.4
-88.4901 -45.2478 16213.3
-88.4901 -45.2478 16959.1
-88.4901 -45.2478 16521.7
-88.4401 -45.2478 13535
-88.4401 -45.2478 12693
-88.4401 -45.2478 13258.1
-88.4401 -45.2478 12433.6
-88.4401 -45.2478 12761.4
-88.4401 -45.2478 12375.5
-88.4401 -45.2478 13302.2
-88.4401 -45.2478 13304.1
-88.4401 -45.2478 12626
-88.4401 -45.2478 12612.2
-88.3901 -45.2478 9770.36
-88.3901 -45.2478 9618.78
-88.3901 -45.2478 9590.17
-88.3901 -45.2478 9428.81
-88.3901 -45.2478 9602.91
-88.3901 -45.2478 8936.64
-88.3901 -45.2478 8816.35
-88.3901 -45.2478 9463.02
-88.3901 -45.2478 9387.85
-88.3901 -45.2478 9307.19
-88.3401 -45.2478 6542.15
-88.3401 -45.2478 6867.83
-88.3401 -45.2478 6634.92
-88.3401 -45.2478 6552.89
-88.3401 -45.2478 6563.75
-88.3401 -45.2478 6789.86
-88.3401 -45.2478 6756.14
-88.3401 -45.2478 6439.57
-88.3401 -45.2478 6948.72
-88.3401 -45.2478 6906.81
-88.2901 -45.2478 4625.6
-88.2901 -45.2478 4576.75
-88.2901 -45.2478 4325.56
-88.2901 -45.2478 4687.73
-88.2901 -45.2478 4509.49
-88.2901 -45.2478 4661.78
-88.2901 -45.2478 5133.58
-88.2901 -45.2478 4647.7
-88.2901 -45.2478 4907.63
-88.2901 -45.2478 4271.2
-88.2401 -45.2478 3461.28
-88.2401 -45.2478 3567.92
-88.2401 -45.2478 3221.44
-88.2401 -45.2478 3275.05
-88.2401 -45.2478 3414.66
-88.2401 -45.2478 3590.29
-88.2401 -45.2478 3398.55
-88.2401 -45.2478 3075.14
-88.2401 -45.2478 3374.39
-88.2401 -45.2478 3690.37
-88.1901 -45.2478 2671.37
-88.1901 -45.2478 2789.47
-88.1901 -45.2478 2468.38
-88.1901 -45.2478 2824.1
-88.1901 -45.2478 2672.28
-88.1901 -45.2478 2786.53
-88.1901 -45.2478 2287.46
-88.1901 -45.2478 2309.02
-88.1901 -45.2478 2811.62
-88.1901 -45.2478 2410.32
-88.1401 -45.2478 1858.57
-88.1401 -45.2478 2099.88
-88.1401 -45.2478 1958.33
-88.1401 -45.2478 1863.93
-88.1401 -45.2478 1951.22
-88.1401 -45.2478 2011.79
-88.1401 -45.2478 2134.9
-88.1401 -45.2478 1782.08
-88.1401 -45.2478 2093.16
-88.1401 -45.2478 2143.39
-88.0901 -45.2478 1896.14
-88.0901 -45.2478 1797.99
-88.0901 -45.2478 1873.69
-88.0901 -45.2478 1875.19
-88.0901 -45.2478 1862.58
-88.0901 -45.2478 1929.95
-88.0901 -45.2478 1961.36
-88.0901 -45.2478 1898.63
-88.0901 -45.2478 1792.64
-88.0901 -45.2478 1752.84
-88.0401 -45.2478 1674.97
-88.0401 -45.2478 1678.42
-88.0401 -45.2478 1585.89
-88.0401 -45.2478 1564.67
-88.0401 -45.2478 1676.9
-88.0401 -45.2478 1874.03
-88.0401 -45.2478 1466.79
-88.0401 -45.2478 1576.98
-88.0401 -45.2478 1733.83
-88.0401 -45.2478 1739.72
-87.9901 -45.2478 1312.56
-87.9901 -45.2478 1480.99
-87.9901 -45.2478 1365.22
-87.9901 -45.2478 1505.81
-87.9901 -45.2478 1529.34
-87.9901 -45.2478 1474.4
-87.9901 -45.2478 1230.18
-87.9901 -45.2478 1277
-87.9901 -45.2478 1343.01
-87.9901 -45.2478 1504.89
-87.9401 -45.2478 1400.96
-87.9401 -45.2478 1564.05
-87.9401 -45.2478 1278.55
-87.9401 -45.2478 1501.2
-87.9401 -45.2478 1333.87
-87.9401 -45.2478 1495.14
-87.9401 -45.2478 1523.26
-87.9401 -45.2478 1490.91
-87.9401 -45.2478 1301.93
-87.9401 -45.2478 1557.78
-87.8901 -45.2478 1629.46
-87.8901 -45.2478 1394.23
-87.8901 -45.2478 1555.65
-87.8901 -45.2478 1516.99
-87.8901 -45.2478 1436
-87.8901 -45.2478 1575.62
-87.8901 -45.2478 1479.57
-87.8901 -45.2478 1310.25
-87.8901 -45.2478 1266.84
-87.8901 -45.2478 1490.99
-87.8401 -45.2478 1629.91
-87.8401 -45.2478 1401.94
-87.8401 -45.2478 1356.85
-87.8401 -45.2478 1312.63
-87.8401 -45.2478 1433.55
-87.8401 -45.2478 1554.4
-87.8401 -45.2478 1417.45
-87.8401 -45.2478 1400.19
-87.8401 -45.2478 1367.65
-87.8401 -45.2478 1319.51
-87.7901 -45.2478 1206.14
-87.7901 -45.2478 1294.01
-87.7901 -45.2478 1380.03
-87.7901 -45.2478 1342.94
-87.7901 -45.2478 1615.76
-87.7901 -45.2478 1374.99
-87.7901 -45.2478 1455.28
-87.7901 -45.2478 1315.92
-87.7901 -45.2478 1435.97
-87.7901 -45.2478 1560.48
-87.7401 -45.2478 1441.2
-87.7401 -45.2478 1595.22
-87.7401 -45.2478 1325.59
-87.7401 -45.2478 1315.69
-87.7401 -45.2478 1403.56
-87.7401 -45.2478 1551.08
-87.7401 -45.2478 1503.67
-87.7401 -45.2478 1392.27
-87.7401 -45.2478 1451.34
-87.7401 -45.2478 1317.34
-87.6901 -45.2478 1317.95
-87.6901 -45.2478 1308.21
-87.6901 -45.2478 1411.64
-87.6901 -45.2478 1370.76
-87.6901 -45.2478 1294.35
-87.6901 -45.2478 1169.73
-87.6901 -45.2478 1403.55
-87.6901 -45.2478 1249.89
-87.6901 -45.2478 1324.11
-87.6901 -45.2478 1501.24
-87.6401 -45.2478 1294.66
-87.6401 -45.2478 1213.56
-87.6401 -45.2478 1388.06
-87.6401 -45.2478 1318.44
-87.6401 -45.2478 1468.25
-87.6401 -45.2478 1336.23
-87.6401 -45.2478 1583.28
-87.6401 -45.2478 1499.05
-87.6401 -45.2478 1456.27
-87.6401 -45.2478 1426.71
-87.5901 -45.2478 1596.97
-87.5901 -45.2478 1376.43
-87.5901 -45.2478 1370.33
-87.5901 -45.2478 1401.58
-87.5901 -45.2478 1269.88
-87.5901 -45.2478 1577.96
-87.5901 -45.2478 1348.39
-87.5901 -45.2478 1561.69
-87.5901 -45.2478 1190.45
-87.5901 -45.2478 1594.8
-87.5401 -45.2478 1189.63
-87.5401 -45.2478 1539.23
-87.5401 -45.2478 1487.6
-87.5401 -45.2478 1639.22
-87.5401 -45.2478 1346.69
-87.5401 -45.2478 1310.91
-87.5401 -45.2478 1370.62
-87.5401 -45.2478 1239.12
-87.5401 -45.2478 1630.46
-87.5401 -45.2478 1343.91
-87.4901 -45.2478 1359.37
-87.4901 -45.2478 1205.56
-87.4901 -45.2478 1434.74
-87.4901 -45.2478 1473.02
-87.4901 -45.2478 1346.74
-87.4901 -45.2478 1459.01
-87.4901 -45.2478 1322.39
-87.4901 -45.2478 1205.87
-87.4901 -45.2478 1288.44
-87.4901 -45.2478 1411.31
-87.4401 -45.2478 1531.05
-87.4401 -45.2478 1288.26
-87.4401 -45.2478 1181.56
-87.4401 -45.2478 1293.32
-87.4401 -45.2478 1401.35
-87.4401 -45.2478 1394.22
-87.4401 -45.2478 1234.43
-87.4401 -45.2478 1346.99
-87.4401 -45.2478 1635.81
-87.4401 -45.2478 1447.1
-87.3901 -45.2478 1114.66
-87.3901 -45.2478 1304.25
-87.3901 -45.2478 1364.48
-87.3901 -45.2478 1168.56
-87.3901 -45.2478 1322.71
-87.3901 -45.2478 1277.14
-87.3901 -45.2478 1236.34
-87.3901 -45.2478 1303.85
-87.3901 -45.2478 1330.29
-87.3901 -45.2478 1192.73
-87.3401 -45.2478 1195.85
-87.3401 -45.2478 1372.6
-87.3401 -45.2478 1426.18
-87.3401 -45.2478 1292.13
-87.3401 -45.2478 1531.23
-87.3401 -45.2478 1381.36
-87.3401 -45.2478 1273.87
-87.3401 -45.2478 1439.4
-87.3401 -45.2478 1451.66
-87.3401 -45.2478 1275.15
-87.2901 -45.2478 1419.9
-87.2901 -45.2478 1399.67
-87.2901 -45.2478 1360.95
-87.2901 -45.2478 1413.4
-87.2901 -45.2478 1317.1
-87.2901 -45.2478 1267.57
-87.2901 -45.2478 1246.19
-87.2901 -45.2478 1490.66
-87.2901 -45.2478 1381.93
-87.2901 -45.2478 1348.59
-87.2401 -45.2478 1240.95
-87.2401 -45.2478 1298.07
-87.2401 -45.2478 1305.62
-87.2401 -45.2478 1270.38
-87.2401 -45.2478 1414.85
-87.2401 -45.2478 1157.11
-87.2401 -45.2478 1352.6
-87.2401 -45.2478 1210.79
-87.2401 -45.2478 1295.1
-87.2401 -45.2478 1483.73
-87.1901 -45.2478 1296.22
-87.1901 -45.2478 1365.91
-87.1901 -45.2478 1444.63
-87.1901 -45.2478 1477.86
-87.1901 -45.2478 1158.71
-87.1901 -45.2478 1414.82
-87.1901 -45.2478 1525.21
-87.1901 -45.2478 1314.92
-87.1901 -45.2478 1343.88
-87.1901 -45.2478 1373.34
-87.1401 -45.2478 1323.72
-87.1401 -45.2478 1396.04
-87.1401 -45.2478 1534.65
-87.1401 -45.2478 1390.95
-87.1401 -45.2478 1238.26
-87.1401 -45.2478 1506.62
-87.1401 -45.2478 1359.39
-87.1401 -45.2478 1389.31
-87.1401 -45.2478 1527.28
-87.1401 -45.2478 1343.97
-87.0901 -45.2478 1246.55
-87.0901 -45.2478 1496.95
-87.0901 -45.2478 1276.08
-87.0901 -45.2478 1340.7
-87.0901 -45.2478 1283
-87.0901 -45.2478 1512.05
-87.0901 -45.2478 1420.34
-87.0901 -45.2478 1400.82
-87.0901 -45.2478 1276.32
-87.0901 -45.2478 1325.75
-87.0401 -45.2478 1344.18
-87.0401 -45.2478 1397.95
-87.0401 -45.2478 1354.19
-87.0401 -45.2478 1186.2
-87.0401 -45.2478 1371.14
-87.0401 -45.2478 1502.36
-87.0401 -45.2478 1363.48
-87.0401 -45.2478 1550.09
-87.0401 -45.2478 1318.61
-87.0401 -45.2478 1397.67
-86.9901 -45.2478 1419.36
-86.9901 -45.2478 1269.8
-86.9901 -45.2478 1510.91
-86.9901 -45.2478 1155.4
-86.9901 -45.2478 1263.48
-86.9901 -45.2478 1342.93
-86.9901 -45.2478 1439.43
-86.9901 -45.2478 1126.63
-86.9901 -45.2478 1427.4
-86.9901 -45.2478 1315.48
-86.9401 -45.2478 1253.66
-86.9401 -45.2478 1487.73
-86.9401 -45.2478 1441.51
-86.9401 -45.2478 1460.64
-86.9401 -45.2478 1186.75
-86.9401 -45.2478 1086.14
-86.9401 -45.2478 1593.28
-86.9401 -45.2478 1462.1
-86.9401 -45.2478 1321.86
-86.9401 -45.2478 1361.78
