-92.9401 -45.2478 1296.88
-92.9401 -45.2478 1345.98
-92.9401 -45.2478 1332.2
-92.9401 -45.2478 1567.82
-92.9401 -45.2478 1343.14
-92.9401 -45.2478 1343.71
-92.9401 -45.2478 1284.38
-92.9401 -45.2478 1458.82
-92.9401 -45.2478 1385.47
-92.9401 -45.2478 1404.24
-92.8901 -45.2478 1405.84
-92.8901 -45.2478 1395.94
-92.8901 -45.2478 1459.06
-92.8901 -45.2478 1495.38
-92.8901 -45.2478 1517.8
-92.8901 -45.2478 1472.23
-92.8901 -45.2478 1388.86
-92.8901 -45.2478 1119.51
-92.8901 -45.2478 1436.71
-92.8901 -45.2478 1324.49
-92.8401 -45.2478 1345.36
-92.8401 -45.2478 1345.09
-92.8401 -45.2478 1384.03
-92.8401 -45.2478 1375.11
-92.8401 -45.2478 1238.52
-92.8401 -45.2478 1404.21
-92.8401 -45.2478 1434.92
-92.8401 -45.2478 1481.96
-92.8401 -45.2478 1343.2
-92.8401 -45.2478 1337.15
-92.7901 -45.2478 1198.02
-92.7901 -45.2478 1313.97
-92.7901 -45.2478 1257.69
-92.7901 -45.2478 1434.29
-92.7901 -45.2478 1364.7
-92.7901 -45.2478 1408.46
-92.7901 -45.2478 1216.4
-92.7901 -45.2478 1361.76
-92.7901 -45.2478 1257.43
-92.7901 -45.2478 1371.28
-92.7401 -45.2478 1510.41
-92.7401 -45.2478 1110.44
-92.7401 -45.2478 1494.81
-92.7401 -45.2478 1362.74
-92.7401 -45.2478 1381.83
-92.7401 -45.2478 1372.59
-92.7401 -45.2478 1301.55
-92.7401 -45.2478 1354.8
-92.7401 -45.2478 1582.28
-92.7401 -45.2478 1248.07
-92.6901 -45.2478 1598.23
-92.6901 -45.2478 1258.39
-92.6901 -45.2478 1506.57
-92.6901 -45.2478 1310.98
-92.6901 -45.2478 1377.05
-92.6901 -45.2478 1629.21
-92.6901 -45.2478 1314.48
-92.6901 -45.2478 1127.94
-92.6901 -45.2478 1294.19
-92.6901 -45.2478 1287.67
-92.6401 -45.2478 1356.01
-92.6401 -45.2478 1527.55
-92.6401 -45.2478 1218.96
-92.6401 -45.2478 1350.2
-92.6401 -45.2478 1627.56
-92.6401 -45.2478 1316.31
-92.6401 -45.2478 1246.82
-92.6401 -45.2478 1505.42
-92.6401 -45.2478 1321.84
-92.6401 -45.2478 1207.89
-92.5901 -45.2478 1401.26
-92.5901 -45.2478 1241.68
-92.5901 -45.2478 1205.74
-92.5901 -45.2478 1359.9
-92.5901 -45.2478 1503.54
-92.5901 -45.2478 1410.19
-92.5901 -45.2478 1483.31
-92.5901 -45.2478 1364.78
-92.5901 -45.2478 1562.97
-92.5901 -45.2478 1391.54
-92.5401 -45.2478 1382.23
-92.5401 -45.2478 1581.34
-92.5401 -45.2478 1418.88
-92.5401 -45.2478 1375.99
-92.5401 -45.2478 1319.64
-92.5401 -45.2478 1516.37
-92.5401 -45.2478 1497.26
-92.5401 -45.2478 1316.15
-92.5401 -45.2478 1335.33
-92.5401 -45.2478 1151.63
-92.4901 -45.2478 1511.92
-92.4901 -45.2478 1557.44
-92.4901 -45.2478 1211.26
-92.4901 -45.2478 1550.44
-92.4901 -45.2478 1384.65
-92.4901 -45.2478 1300.3
-92.4901 -45.2478 1580.5
-92.4901 -45.2478 1384.96
-92.4901 -45.2478 1294.38
-92.4901 -45.2478 1363.18
-92.4401 -45.2478 1508.74
-92.4401 -45.2478 1191.71
-92.4401 -45.2478 1357.93
-92.4401 -45.2478 1295.91
-92.4401 -45.2478 1483.89
-92.4401 -45.2478 1347.3
-92.4401 -45.2478 1268.79
-92.4401 -45.2478 1709.45
-92.4401 -45.2478 1328.31
-92.4401 -45.2478 1268.33
-92.3901 -45.2478 1296.75
-92.3901 -45.2478 1285.61
-92.3901 -45.2478 1415.14
-92.3901 -45.2478 1327.2
-92.3901 -45.2478 1150.54
-92.3901 -45.2478 1335.16
-92.3901 -45.2478 1113.18
-92.3901 -45.2478 1291.82
-92.3901 -45.2478 1335.4
-92.3901 -45.2478 1373.23
-92.3401 -45.2478 1287.6
-92.3401 -45.2478 1604.07
-92.3401 -45.2478 1447.05
-92.3401 -45.2478 1453.64
-92.3401 -45.2478 1419.55
-92.3401 -45.2478 1392.22
-92.3401 -45.2478 1230.85
-92.3401 -45.2478 1358.4
-92.3401 -45.2478 1463.26
-92.3401 -45.2478 1441.28
-92.2901 -45.2478 1185.88
-92.2901 -45.2478 1509.82
-92.2901 -45.2478 1033.8
-92.2901 -45.2478 1296.15
-92.2901 -45.2478 1346.59
-92.2901 -45.2478 1267.8
-92.2901 -45.2478 1337.43
-92.2901 -45.2478 1654.78
-92.2901 -45.2478 1345.75
-92.2901 -45.2478 1313.35
-92.2401 -45.2478 1454.39
-92.2401 -45.2478 1332.1
-92.2401 -45.2478 1295.39
-92.2401 -45.2478 1476.99
-92.2401 -45.2478 1477.1
-92.2401 -45.2478 1252
-92.2401 -45.2478 1253.33
-92.2401 -45.2478 1339.73
-92.2401 -45.2478 1528.74
-92.2401 -45.2478 1433.38
-92.1901 -45.2478 1318.4
-92.1901 -45.2478 1339.89
-92.1901 -45.2478 1427.88
-92.1901 -45.2478 1187.42
-92.1901 -45.2478 1267.38
-92.1901 -45.2478 1398.91
-92.1901 -45.2478 1333.78
-92.1901 -45.2478 1209.65
-92.1901 -45.2478 1357.86
-92.1901 -45.2478 1345.47
-92.1401 -45.2478 1331.92
-92.1401 -45.2478 1265.31
-92.1401 -45.2478 1412.27
-92.1401 -45.2478 1446.22
-92.1401 -45.2478 1224.26
-92.1401 -45.2478 1297.87
-92.1401 -45.2478 1464.99
-92.1401 -45.2478 1383.5
-92.1401 -45.2478 1505.4
-92.1401 -45.2478 1443.53
-92.0901 -45.2478 1375.96
-92.0901 -45.2478 1277.31
-92.0901 -45.2478 1206.43
-92.0901 -45.2478 1441.37
-92.0901 -45.2478 1483.86
-92.0901 -45.2478 1511.32
-92.0901 -45.2478 1470.4
-92.0901 -45.2478 1720.98
-92.0901 -45.2478 1379.51
-92.0901 -45.2478 1383.08
-92.0401 -45.2478 1552.51
-92.0401 -45.2478 1645.79
-92.0401 -45.2478 1729.01
-92.0401 -45.2478 1438.54
-92.0401 -45.2478 1479.48
-92.0401 -45.2478 1436.18
-92.0401 -45.2478 1348.27
-92.0401 -45.2478 1626.68
-92.0401 -45.2478 1325.49
-92.0401 -45.2478 1420.52
-91.9901 -45.2478 1412.57
-91.9901 -45.2478 1547.37
-91.9901 -45.2478 1686.61
-91.9901 -45.2478 1503.76
-91.9901 -45.2478 1428.63
-91.9901 -45.2478 1659.66
-91.9901 -45.2478 1544.82
-91.9901 -45.2478 1493.61
-91.9901 -45.2478 1543.74
-91.9901 -45.2478 1471.45
-91.9401 -45.2478 1475.19
-91.9401 -45.2478 1460.63
-91.9401 -45.2478 1775.11
-91.9401 -45.2478 1613.77
-91.9401 -45.2478 1583.79
-91.9401 -45.2478 1649.71
-91.9401 -45.2478 1679.71
-91.9401 -45.2478 1722.46
-91.9401 -45.2478 1589.57
-91.9401 -45.2478 1528.18
-91.8901 -45.2478 1711.63
-91.8901 -45.2478 1970.84
-91.8901 -45.2478 1749.3
-91.8901 -45.2478 1747.05
-91.8901 -45.2478 1675.67
-91.8901 -45.2478 1853.84
-91.8901 -45.2478 1542.84
-91.8901 -45.2478 2094.5
-91.8901 -45.2478 1810.24
-91.8901 -45.2478 1672.18
-91.8401 -45.2478 2115.09
-91.8401 -45.2478 1986.94
-91.8401 -45.2478 2082.17
-91.8401 -45.2478 2251.79
-91.8401 -45.2478 1634.75
-91.8401 -45.2478 2040.24
-91.8401 -45.2478 2155.28
-91.8401 -45.2478 1725.17
-91.8401 -45.2478 2014.36
-91.8401 -45.2478 1740.38
-91.7901 -45.2478 2710.71
-91.7901 -45.2478 2674.24
-91.7901 -45.2478 2375.87
-91.7901 -45.2478 2405.45
-91.7901 -45.2478 2507.37
-91.7901 -45.2478 2452.71
-91.7901 -45.2478 2696.97
-91.7901 -45.2478 2419.6
-91.7901 -45.2478 2542.72
-91.7901 -45.2478 2468.96
-91.7401 -45.2478 2616.54
-91.7401 -45.2478 3426.53
-91.7401 -45.2478 2896.62
-91.7401 -45.2478 2931.88
-91.7401 -45.2478 3003.56
-91.7401 -45.2478 3431.77
-91.7401 -45.2478 3184.24
-91.7401 -45.2478 2924.61
-91.7401 -45.2478 2808.42
-91.7401 -45.2478 3054.37
-91.6901 -45.2478 4136.29
-91.6901 -45.2478 4036.61
-91.6901 -45.2478 4101.43
-91.6901 -45.2478 4195.2
-91.6901 -45.2478 4191.41
-91.6901 -45.2478 3918.31
-91.6901 -45.2478 4354.19
-91.6901 -45.2478 3950.05
-91.6901 -45.2478 3998.24
-91.6901 -45.2478 4413.2
-91.6401 -45.2478 4938.47
-91.6401 -45.2478 5089.67
-91.6401 -45.2478 4805.29
-91.6401 -45.2478 5070.06
-91.6401 -45.2478 4590.89
-91.6401 -45.2478 5335.78
-91.6401 -45.2478 4913.93
-91.6401 -45.2478 4793.99
-91.6401 -45.2478 5325.36
-91.6401 -45.2478 5325.91
-91.5901 -45.2478 6685.6
-91.5901 -45.2478 6740.86
-91.5901 -45.2478 6217.31
-91.5901 -45.2478 6414.99
-91.5901 -45.2478 6398.38
-91.5901 -45.2478 7357.61
-91.5901 -45.2478 6649.88
-91.5901 -45.2478 6943.71
-91.5901 -45.2478 6540.12
-91.5901 -45.2478 6554.56
-91.5401 -45.2478 8857.22
-91.5401 -45.2478 9576.91
-91.5401 -45.2478 9873.7
-91.5401 -45.2478 9092.97
-91.5401 -45.2478 9576.39
-91.5401 -45.2478 9917.73
-91.5401 -45.2478 9116.17
-91.5401 -45.2478 9235.46
-91.5401 -45.2478 8662.95
-91.5401 -45.2478 9343.77
-91.4901 -45.2478 11673.7
-91.4901 -45.2478 12314.8
-91.4901 -45.2478 11940.4
-91.4901 -45.2478 11003.6
-91.4901 -45.2478 12135.4
-91.4901 -45.2478 11621.9
-91.4901 -45.2478 11768.5
-91.4901 -45.2478 11785.1
-91.4901 -45.2478 12067.2
-91.4901 -45.2478 11978.8
-91.4401 -45.2478 15486.2
-91.4401 -45.2478 14820.8
-91.4401 -45.2478 14595.1
-91.4401 -45.2478 14501.3
-91.4401 -45.2478 14501
-91.4401 -45.2478 14908.3
-91.4401 -45.2478 14480.3
-91.4401 -45.2478 14744.5
-91.4401 -45.2478 14591.9
-91.4401 -45.2478 14572.8
-91.3901 -45.2478 17149.6
-91.3901 -45.2478 17614.8
-91.3901 -45.2478 17773
-91.3901 -45.2478 17387.8
-91.3901 -45.2478 18096
-91.3901 -45.2478 17200.6
-91.3901 -45.2478 17356.3
-91.3901 -45.2478 18350.9
-91.3901 -45.2478 18014.9
-91.3901 -45.2478 17343.7
-91.3401 -45.2478 21306
-91.3401 -45.2478 20277.8
-91.3401 -45.2478 20914.4
-91.3401 -45.2478 19830.1
-91.3401 -45.2478 20111.8
-91.3401 -45.2478 20495.1
-91.3401 -45.2478 20418.1
-91.3401 -45.2478 19754.9
-91.3401 -45.2478 20733.9
-91.3401 -45.2478 20023.1
-91.2901 -45.2478 21826.8
-91.2901 -45.2478 22449.7
-91.2901 -45.2478 22677.6
-91.2901 -45.2478 22629.8
-91.2901 -45.2478 23127
-91.2901 -45.2478 23186
-91.2901 -45.2478 22939.7
-91.2901 -45.2478 23167.3
-91.2901 -45.2478 22386.9
-91.2901 -45.2478 22514.4
-91.2401 -45.2478 23794.3
-91.2401 -45.2478 24565.5
-91.2401 -45.2478 23584.3
-91.2401 -45.2478 24539.4
-91.2401 -45.2478 24205.4
-91.2401 -45.2478 24523.3
-91.2401 -45.2478 24400.5
-91.2401 -45.2478 24548.1
-91.2401 -45.2478 24556.5
-91.2401 -45.2478 24070.7
-91.1901 -45.2478 26022.7
-91.1901 -45.2478 25427.1
-91.1901 -45.2478 25080
-91.1901 -45.2478 25332.4
-91.1901 -45.2478 24425.4
-91.1901 -45.2478 25020.8
-91.1901 -45.2478 24511
-91.1901 -45.2478 24968.6
-91.1901 -45.2478 25767.3
-91.1901 -45.2478 25416.4
-91.1401 -45.2478 26836.4
-91.1401 -45.2478 26620.7
-91.1401 -45.2478 25989.5
-91.1401 -45.2478 26604
-91.1401 -45.2478 25291
-91.1401 -45.2478 26179.7
-91.1401 -45.2478 26625.1
-91.1401 -45.2478 25421.2
-91.1401 -45.2478 27204.8
-91.1401 -45.2478 25926.5
-91.0901 -45.2478 26619.1
-91.0901 -45.2478 25653.5
-91.0901 -45.2478 26539.2
-91.0901 -45.2478 26667.6
-91.0901 -45.2478 0
-91.0901 -45.2478 26480.9
-91.0901 -45.2478 27458.4
-91.0901 -45.2478 26491.1
-91.0901 -45.2478 26394.4
-91.0901 -45.2478 27058.6
-91.0401 -45.2478 27724.3
-91.0401 -45.2478 26976.6
-91.0401 -45.2478 26881.4
-91.0401 -45.2478 26639.7
-91.0401 -45.2478 26551.7
-91.0401 -45.2478 26153.5
-91.0401 -45.2478 26390.6
-91.0401 -45.2478 26346.1
-91.0401 -45.2478 26790.6
-91.0401 -45.2478 27102.6
-90.9901 -45.2478 26499
-90.9901 -45.2478 27401.7
-90.9901 -45.2478 26839.8
-90.9901 -45.2478 27407.5
-90.9901 -45.2478 26241
-90.9901 -45.2478 26675.5
-90.9901 -45.2478 26933
-90.9901 -45.2478 27529.2
-90.9901 -45.2478 27501.6
-90.9901 -45.2478 26755.3
-90.9401 -45.2478 27007.9
-90.9401 -45.2478 27536.6
-90.9401 -45.2478 27120.5
-90.9401 -45.2478 26847.2
-90.9401 -45.2478 25590.7
-90.9401 -45.2478 26695.9
-90.9401 -45.2478 27696.8
-90.9401 -45.2478 26931.3
-90.9401 -45.2478 26812.3
-90.9401 -45.2478 27280.1
-90.8901 -45.2478 28024.7
-90.8901 -45.2478 27349
-90.8901 -45.2478 28550
-90.8901 -45.2478 27043.4
-90.8901 -45.2478 26777.9
-90.8901 -45.2478 27198.1
-90.8901 -45.2478 26989.7
-90.8901 -45.2478 27075.1
-90.8901 -45.2478 27876.7
-90.8901 -45.2478 26213.4
-90.8401 -45.2478 28320.3
-90.8401 -45.2478 27071.4
-90.8401 -45.2478 26836.4
-90.8401 -45.2478 28318.4
-90.8401 -45.2478 27325.4
-90.8401 -45.2478 27672.5
-90.8401 -45.2478 27112.1
-90.8401 -45.2478 26708.9
-90.8401 -45.2478 27587.7
-90.8401 -45.2478 28258.8
-90.7901 -45.2478 28069.3
-90.7901 -45.2478 28392.1
-90.7901 -45.2478 28112.8
-90.7901 -45.2478 27355.2
-90.7901 -45.2478 27525.5
-90.7901 -45.2478 26757
-90.7901 -45.2478 26520.2
-90.7901 -45.2478 27497.7
-90.7901 -45.2478 26826.2
-90.7901 -45.2478 27060.1
-90.7401 -45.2478 27629.5
-90.7401 -45.2478 26575.5
-90.7401 -45.2478 27701
-90.7401 -45.2478 27362
-90.7401 -45.2478 27065.1
-90.7401 -45.2478 27384.4
-90.7401 -45.2478 27192.1
-90.7401 -45.2478 27599.4
-90.7401 -45.2478 27590.5
-90.7401 -45.2478 27098.8
-90.6901 -45.2478 27607.7
-90.6901 -45.2478 27176.1
-90.6901 -45.2478 26595.7
-90.6901 -45.2478 26930.7
-90.6901 -45.2478 26449.9
-90.6901 -45.2478 27180.1
-90.6901 -45.2478 27545
-90.6901 -45.2478 27604
-90.6901 -45.2478 26291.5
-90.6901 -45.2478 27982.6
-90.6401 -45.2478 26867.3
-90.6401 -45.2478 26600.7
-90.6401 -45.2478 26686.4
-90.6401 -45.2478 27031.9
-90.6401 -45.2478 28158.4
-90.6401 -45.2478 27313.3
-90.6401 -45.2478 27391.2
-90.6401 -45.2478 26714.1
-90.6401 -45.2478 25850.2
-90.6401 -45.2478 27165.5
-90.5901 -45.2478 27443.4
-90.5901 -45.2478 27409
-90.5901 -45.2478 25987
-90.5901 -45.2478 27064.8
-90.5901 -45.2478 26984.9
-90.5901 -45.2478 28570.2
-90.5901 -45.2478 27860.5
-90.5901 -45.2478 27357
-90.5901 -45.2478 25996.9
-90.5901 -45.2478 28013.1
-90.5401 -45.2478 26993.7
-90.5401 -45.2478 27657.3
-90.5401 -45.2478 27089.2
-90.5401 -45.2478 28660.1
-90.5401 -45.2478 26821
-90.5401 -45.2478 27865.6
-90.5401 -45.2478 26946.7
-90.5401 -45.2478 27662
-90.5401 -45.2478 28704.7
-90.5401 -45.2478 26747.5
-90.4901 -45.2478 26928.8
-90.4901 -45.2478 27542
-90.4901 -45.2478 27704.2
-90.4901 -45.2478 27071.7
-90.4901 -45.2478 28081.4
-90.4901 -45.2478 27401.9
-90.4901 -45.2478 27505.9
-90.4901 -45.2478 27169.4
-90.4901 -45.2478 27232.2
-90.4901 -45.2478 27600.8
-90.4401 -45.2478 26951.4
-90.4401 -45.2478 26903.5
-90.4401 -45.2478 27381.7
-90.4401 -45.2478 27160
-90.4401 -45.2478 27150.9
-90.4401 -45.2478 26831
-90.4401 -45.2478 27605.3
-90.4401 -45.2478 28435.8
-90.4401 -45.2478 27020.8
-90.4401 -45.2478 26887.6
-90.3901 -45.2478 28395.1
-90.3901 -45.2478 27750.9
-90.3901 -45.2478 27130.7
-90.3901 -45.2478 27507.6
-90.3901 -45.2478 26378
-90.3901 -45.2478 28380
-90.3901 -45.2478 27690.3
-90.3901 -45.2478 26736.2
-90.3901 -45.2478 27284.3
-90.3901 -45.2478 26934.6
-90.3401 -45.2478 27594
-90.3401 -45.2478 26941.2
-90.3401 -45.2478 27436.8
-90.3401 -45.2478 26842.1
-90.3401 -45.2478 26272.9
-90.3401 -45.2478 26422
-90.3401 -45.2478 25622.1
-90.3401 -45.2478 26473.2
-90.3401 -45.2478 26759.3
-90.3401 -45.2478 26191.2
-90.2901 -45.2478 26565.4
-90.2901 -45.2478 25878.2
-90.2901 -45.2478 26955.2
-90.2901 -45.2478 26085.7
-90.2901 -45.2478 27373.6
-90.2901 -45.2478 26835.2
-90.2901 -45.2478 26651
-90.2901 -45.2478 26955
-90.2901 -45.2478 25136.1
-90.2901 -45.2478 26691
-90.2401 -45.2478 26025.6
-90.2401 -45.2478 26115.4
-90.2401 -45.2478 25332.7
-90.2401 -45.2478 25029.4
-90.2401 -45.2478 25567.4
-90.2401 -45.2478 25336.6
-90.2401 -45.2478 26640.9
-90.2401 -45.2478 26057.6
-90.2401 -45.2478 25424
-90.2401 -45.2478 26109.9
-90.1901 -45.2478 25727.6
-90.1901 -45.2478 25433.6
-90.1901 -45.2478 25184.1
-90.1901 -45.2478 24991.9
-90.1901 -45.2478 24385.5
-90.1901 -45.2478 25644.1
-90.1901 -45.2478 24450.9
-90.1901 -45.2478 25803.1
-90.1901 -45.2478 24714.7
-90.1901 -45.2478 25972.7
-90.1401 -45.2478 24761.2
-90.1401 -45.2478 24455.6
-90.1401 -45.2478 24552
-90.1401 -45.2478 24925.9
-90.1401 -45.2478 24755.7
-90.1401 -45.2478 24327.2
-90.1401 -45.2478 24987.7
-90.1401 -45.2478 25292
-90.1401 -45.2478 24257.2
-90.1401 -45.2478 24322.1
-90.0901 -45.2478 23330.7
-90.0901 -45.2478 25013
-90.0901 -45.2478 23753.7
-90.0901 -45.2478 23721.6
-90.0901 -45.2478 23840.6
-90.0901 -45.2478 23800.6
-90.0901 -45.2478 24290.7
-90.0901 -45.2478 24132.8
-90.0901 -45.2478 23044.8
-90.0901 -45.2478 23419.2
-90.0401 -45.2478 22913.1
-90.0401 -45.2478 23347.8
-90.0401 -45.2478 23527.5
-90.0401 -45.2478 24108.4
-90.0401 -45.2478 22748.7
-90.0401 -45.2478 23173.4
-90.0401 -45.2478 23502.3
-90.0401 -45.2478 23634.3
-90.0401 -45.2478 22777.9
-90.0401 -45.2478 24051.5
-89.9901 -45.2478 23873.2
-89.9901 -45.2478 23967.1
-89.9901 -45.2478 22795.9
-89.9901 -45.2478 23103.5
-89.9901 -45.2478 23474.9
-89.9901 -45.2478 23527.7
-89.9901 -45.2478 22830.1
-89.9901 -45.2478 23264.8
-89.9901 -45.2478 23328.9
-89.9901 -45.2478 23240.6
-89.9401 -45.2478 23247.6
-89.9401 -45.2478 22914.7
-89.9401 -45.2478 24268.4
-89.9401 -45.2478 23582.9
-89.9401 -45.2478 23078.3
-89.9401 -45.2478 22933.5
-89.9401 -45.2478 24137.8
-89.9401 -45.2478 23422.7
-89.9401 -45.2478 23931.7
-89.9401 -45.2478 23278.9
-89.8901 -45.2478 23950.1
-89.8901 -45.2478 24001.2
-89.8901 -45.2478 23803.2
-89.8901 -45.2478 23110.5
-89.8901 -45.2478 23914.5
-89.8901 -45.2478 23718.9
-89.8901 -45.2478 23231.3
-89.8901 -45.2478 24265.4
-89.8901 -45.2478 23602
-89.8901 -45.2478 23175.9
-89.8401 -45.2478 24192.8
-89.8401 -45.2478 24326.5
-89.8401 -45.2478 24009.5
-89.8401 -45.2478 24533.2
-89.8401 -45.2478 24986.9
-89.8401 -45.2478 25710.6
-89.8401 -45.2478 23681.6
-89.8401 -45.2478 24272.7
-89.8401 -45.2478 24424.5
-89.8401 -45.2478 25051.8
-89.7901 -45.2478 25189.2
-89.7901 -45.2478 25016.8
-89.7901 -45.2478 24440.9
-89.7901 -45.2478 25142.9
-89.7901 -45.2478 24632.5
-89.7901 -45.2478 24556.2
-89.7901 -45.2478 24582.8
-89.7901 -45.2478 25309.7
-89.7901 -45.2478 25378.1
-89.7901 -45.2478 24931.8
-89.7401 -45.2478 25557.1
-89.7401 -45.2478 25844.8
-89.7401 -45.2478 25976.2
-89.7401 -45.2478 25040.2
-89.7401 -45.2478 25584.9
-89.7401 -45.2478 25237.4
-89.7401 -45.2478 25930.3
-89.7401 -45.2478 25076.3
-89.7401 -45.2478 26315.2
-89.7401 -45.2478 25696.8
-89.6901 -45.2478 25331.6
-89.6901 -45.2478 26651.6
-89.6901 -45.2478 26562.3
-89.6901 -45.2478 24974.8
-89.6901 -45.2478 26423.6
-89.6901 -45.2478 25410.5
-89.6901 -45.2478 25832.4
-89.6901 -45.2478 27246.6
-89.6901 -45.2478 26249.4
-89.6901 -45.2478 26627.1
-89.6401 -45.2478 26282.3
-89.6401 -45.2478 27599.8
-89.6401 -45.2478 26736.5
-89.6401 -45.2478 26079.6
-89.6401 -45.2478 27426.3
-89.6401 -45.2478 26401.3
-89.6401 -45.2478 25761.8
-89.6401 -45.2478 26894.1
-89.6401 -45.2478 26489.1
-89.6401 -45.2478 26861.8
-89.5901 -45.2478 27233.6
-89.5901 -45.2478 27159.2
-89.5901 -45.2478 27370.9
-89.5901 -45.2478 27437.1
-89.5901 -45.2478 25938.4
-89.5901 -45.2478 27572.6
-89.5901 -45.2478 27117.8
-89.5901 -45.2478 28054.3
-89.5901 -45.2478 27639.7
-89.5901 -45.2478 26386.7
-89.5401 -45.2478 27809.4
-89.5401 -45.2478 26537.4
-89.5401 -45.2478 26552.2
-89.5401 -45.2478 27876.4
-89.5401 -45.2478 26903.3
-89.5401 -45.2478 27061
-89.5401 -45.2478 26989.6
-89.5401 -45.2478 27653.8
-89.5401 -45.2478 27447.1
-89.5401 -45.2478 26973.7
-89.4901 -45.2478 27556.6
-89.4901 -45.2478 26932.5
-89.4901 -45.2478 27584.2
-89.4901 -45.2478 26961.9
-89.4901 -45.2478 26300.6
-89.4901 -45.2478 26756
-89.4901 -45.2478 26423.7
-89.4901 -45.2478 27327
-89.4901 -45.2478 26969.2
-89.4901 -45.2478 28191.3
-89.4401 -45.2478 27394.4
-89.4401 -45.2478 28284.5
-89.4401 -45.2478 27768.9
-89.4401 -45.2478 27613.7
-89.4401 -45.2478 27209.4
-89.4401 -45.2478 27827.5
-89.4401 -45.2478 28277.6
-89.4401 -45.2478 28183.1
-89.4401 -45.2478 27549.6
-89.4401 -45.2478 27329.5
-89.3901 -45.2478 27494.3
-89.3901 -45.2478 27703.1
-89.3901 -45.2478 28020.4
-89.3901 -45.2478 26658.9
-89.3901 -45.2478 27190.4
-89.3901 -45.2478 26582.9
-89.3901 -45.2478 27576.2
-89.3901 -45.2478 27332.3
-89.3901 -45.2478 28349
-89.3901 -45.2478 28221.9
-89.3401 -45.2478 27314
-89.3401 -45.2478 27828.5
-89.3401 -45.2478 26570.1
-89.3401 -45.2478 27248.7
-89.3401 -45.2478 27698.3
-89.3401 -45.2478 26498.5
-89.3401 -45.2478 27206
-89.3401 -45.2478 28381.7
-89.3401 -45.2478 28282.3
-89.3401 -45.2478 28128.6
-89.2901 -45.2478 27680.2
-89.2901 -45.2478 26827.1
-89.2901 -45.2478 27464.4
-89.2901 -45.2478 26754.4
-89.2901 -45.2478 28395.3
-89.2901 -45.2478 27205.9
-89.2901 -45.2478 27954.5
-89.2901 -45.2478 27537.8
-89.2901 -45.2478 27523
-89.2901 -45.2478 27356.5
-89.2401 -45.2478 26802.8
-89.2401 -45.2478 26561
-89.2401 -45.2478 27977.2
-89.2401 -45.2478 27830.6
-89.2401 -45.2478 27272.6
-89.2401 -45.2478 27107.9
-89.2401 -45.2478 27212.7
-89.2401 -45.2478 26971.6
-89.2401 -45.2478 26824.9
-89.2401 -45.2478 27888.7
-89.1901 -45.2478 28511
-89.1901 -45.2478 27515.4
-89.1901 -45.2478 28015
-89.1901 -45.2478 27594.5
-89.1901 -45.2478 27123.1
-89.1901 -45.2478 27838.4
-89.1901 -45.2478 27103.9
-89.1901 -45.2478 27260.2
-89.1901 -45.2478 27827.5
-89.1901 -45.2478 27223.9
-89.1401 -45.2478 27713
-89.1401 -45.2478 27373.9
-89.1401 -45.2478 28238.6
-89.1401 -45.2478 27725.8
-89.1401 -45.2478 28668.4
-89.1401 -45.2478 27647.6
-89.1401 -45.2478 27794.1
-89.1401 -45.2478 27645.2
-89.1401 -45.2478 26893.5
-89.1401 -45.2478 26338.5
-89.0901 -45.2478 27390.9
-89.0901 -45.2478 27698.2
-89.0901 -45.2478 27703.1
-89.0901 -45.2478 27101.7
-89.0901 -45.2478 28265.3
-89.0901 -45.2478 27094
-89.0901 -45.2478 27153
-89.0901 -45.2478 26501.3
-89.0901 -45.2478 27634.1
-89.0901 -45.2478 27366.1
-89.0401 -45.2478 27485.8
-89.0401 -45.2478 27502.2
-89.0401 -45.2478 28518.3
-89.0401 -45.2478 26345.4
-89.0401 -45.2478 26407.1
-89.0401 -45.2478 27166.7
-89.0401 -45.2478 27164.4
-89.0401 -45.2478 26476.7
-89.0401 -45.2478 27029.4
-89.0401 -45.2478 27484.5
-88.9901 -45.2478 26096.6
-88.9901 -45.2478 26565.9
-88.9901 -45.2478 26632.8
-88.9901 -45.2478 27894
-88.9901 -45.2478 27350
-88.9901 -45.2478 28301.9
-88.9901 -45.2478 26704.8
-88.9901 -45.2478 26884.7
-88.9901 -45.2478 27817.8
-88.9901 -45.2478 26207
-88.9401 -45.2478 27439.9
-88.9401 -45.2478 26854.2
-88.9401 -45.2478 26844
-88.9401 -45.2478 26749.8
-88.9401 -45.2478 28140.5
-88.9401 -45.2478 26738.9
-88.9401 -45.2478 26559.7
-88.9401 -45.2478 26447.7
-88.9401 -45.2478 26756.2
-88.9401 -45.2478 26345.6
-88.8901 -45.2478 25540.2
-88.8901 -45.2478 26781
-88.8901 -45.2478 27258.5
-88.8901 -45.2478 26234.6
-88.8901 -45.2478 26215.9
-88.8901 -45.2478 27328.8
-88.8901 -45.2478 27887.4
-88.8901 -45.2478 25722.3
-88.8901 -45.2478 27215.8
-88.8901 -45.2478 28267.6
-88.8401 -45.2478 26452.7
-88.8401 -45.2478 26465.8
-88.8401 -45.2478 26244.4
-88.8401 -45.2478 26637.5
-88.8401 -45.2478 27180.3
-88.8401 -45.2478 27064.1
-88.8401 -45.2478 26210.7
-88.8401 -45.2478 26782.7
-88.8401 -45.2478 26256.5
-88.8401 -45.2478 26352.8
-88.7901 -45.2478 25833.6
-88.7901 -45.2478 27071.7
-88.7901 -45.2478 26518.4
-88.7901 -45.2478 26655.1
-88.7901 -45.2478 26499.7
-88.7901 -45.2478 26771.2
-88.7901 -45.2478 26431.6
-88.7901 -45.2478 26326.8
-88.7901 -45.2478 26398.5
-88.7901 -45.2478 26172
-88.7401 -45.2478 25073.1
-88.7401 -45.2478 26315.6
-88.7401 -45.2478 26023.6
-88.7401 -45.2478 26094.4
-88.7401 -45.2478 25900.6
-88.7401 -45.2478 25695.3
-88.7401 -45.2478 26011.1
-88.7401 -45.2478 24945.4
-88.7401 -45.2478 25626.6
-88.7401 -45.2478 25943.1
-88.6901 -45.2478 25501.7
-88.6901 -45.2478 24561.1
-88.6901 -45.2478 25133.3
-88.6901 -45.2478 24933.9
-88.6901 -45.2478 23859.8
-88.6901 -45.2478 24908.6
-88.6901 -45.2478 24317.2
-88.6901 -45.2478 24658.7
-88.6901 -45.2478 24359.6
-88.6901 -45.2478 25493
-88.6401 -45.2478 23346
-88.6401 -45.2478 24664.5
-88.6401 -45.2478 22853.7
-88.6401 -45.2478 24293.9
-88.6401 -45.2478 25134.5
-88.6401 -45.2478 24138.7
-88.6401 -45.2478 24361.3
-88.6401 -45.2478 23616.1
-88.6401 -45.2478 23611.8
-88.6401 -45.2478 24585.4
-88.5901 -45.2478 21751.6
-88.5901 -45.2478 21856.7
-88.5901 -45.2478 21374.3
-88.5901 -45.2478 21597.5
-88.5901 -45.2478 21472.9
-88.5901 -45.2478 22222.3
-88.5901 -45.2478 22411.1
-88.5901 -45.2478 22169
-88.5901 -45.2478 22934.2
-88.5901 -45.2478 21767.9
-88.5401 -45.2478 19511.7
-88.5401 -45.2478 19067.9
-88.5401 -45.2478 20452.2
-88.5401 -45.2478 19949.5
-88.5401 -45.2478 19365.4
-88.5401 -45.2478 19272
-88.5401 -45.2478 19558.3
-88.5401 -45.2478 19198.8
-88.5401 -45.2478 19565
-88.5401 -45.2478 19133.3
-88.4901 -45.2478 15526.7
-88.4901 -45.2478 16133.1
-88.4901 -45.2478 15807.5
-88.4901 -45.2478 15818.4
-88.4901 -45.2478 15525.3
-88.4901 -45.2478 15941.2
-88.4901 -45.2478 16358.2
-88.4901 -45.2478 15671.1
-88.4901 -45.2478 15884.8
-88.4901 -45.2478 15707.6
-88.4401 -45.2478 12959.3
-88.4401 -45.2478 13144.9
-88.4401 -45.2478 12002.7
-88.4401 -45.2478 12520
-88.4401 -45.2478 12833.2
-88.4401 -45.2478 12498.8
-88.4401 -45.2478 12742.2
-88.4401 -45.2478 13962.4
-88.4401 -45.2478 12628.1
-88.4401 -45.2478 12613.7
-88.3901 -45.2478 9540.73
-88.3901 -45.2478 9398.59
-88.3901 -45.2478 9754.87
-88.3901 -45.2478 9696.68
-88.3901 -45.2478 9413.95
-88.3901 -45.2478 9799.14
-88.3901 -45.2478 9902.39
-88.3901 -45.2478 9624.49
-88.3901 -45.2478 9591.36
-88.3901 -45.2478 9775.78
-88.3401 -45.2478 6663.23
-88.3401 -45.2478 6879
-88.3401 -45.2478 6800.93
-88.3401 -45.2478 6738.98
-88.3401 -45.2478 6893.07
-88.3401 -45.2478 6396.54
-88.3401 -45.2478 6846.38
-88.3401 -45.2478 6674.62
-88.3401 -45.2478 7157.76
-88.3401 -45.2478 7066.85
-88.2901 -45.2478 4883.33
-88.2901 -45.2478 4605.59
-88.2901 -45.2478 5162.96
-88.2901 -45.2478 4498.59
-88.2901 -45.2478 4224.32
-88.2901 -45.2478 4696.38
-88.2901 -45.2478 4510.47
-88.2901 -45.2478 4472.51
-88.2901 -45.2478 4442.94
-88.2901 -45.2478 4076.05
-88.2401 -45.2478 2987.85
-88.2401 -45.2478 3238.3
-88.2401 -45.2478 3259.75
-88.2401 -45.2478 2881.83
-88.2401 -45.2478 3047.22
-88.2401 -45.2478 3265.31
-88.2401 -45.2478 2999.2
-88.2401 -45.2478 2869.66
-88.2401 -45.2478 3193.8
-88.2401 -45.2478 3236.32
-88.1901 -45.2478 2385.1
-88.1901 -45.2478 2496.54
-88.1901 -45.2478 2401.15
-88.1901 -45.2478 2282.45
-88.1901 -45.2478 2455.97
-88.1901 -45.2478 2266.25
-88.1901 -45.2478 2340.98
-88.1901 -45.2478 2464.4
-88.1901 -45.2478 2558.43
-88.1901 -45.2478 2186.8
-88.1401 -45.2478 1974.87
-88.1401 -45.2478 2003.33
-88.1401 -45.2478 1604.61
-88.1401 -45.2478 1939.53
-88.1401 -45.2478 1930.54
-88.1401 -45.2478 2070.89
-88.1401 -45.2478 1774.82
-88.1401 -45.2478 1945.61
-88.1401 -45.2478 2101.13
-88.1401 -45.2478 1828.4
-88.0901 -45.2478 2007.86
-88.0901 -45.2478 1649.22
-88.0901 -45.2478 1775.57
-88.0901 -45.2478 1708.5
-88.0901 -45.2478 1744.74
-88.0901 -45.2478 1746.6
-88.0901 -45.2478 1764.69
-88.0901 -45.2478 1777.19
-88.0901 -45.2478 1764.37
-88.0901 -45.2478 1632.23
-88.0401 -45.2478 1776.27
-88.0401 -45.2478 1496.71
-88.0401 -45.2478 1512
-88.0401 -45.2478 1594.11
-88.0401 -45.2478 1778.89
-88.0401 -45.2478 1502.38
-88.0401 -45.2478 1533.01
-88.0401 -45.2478 1569.42
-88.0401 -45.2478 1634.55
-88.0401 -45.2478 1770.75
-87.9901 -45.2478 1516.49
-87.9901 -45.2478 1575.78
-87.9901 -45.2478 1622.95
-87.9901 -45.2478 1541.23
-87.9901 -45.2478 1554.46
-87.9901 -45.2478 1502.02
-87.9901 -45.2478 1305.15
-87.9901 -45.2478 1539
-87.9901 -45.2478 1530.23
-87.9901 -45.2478 1442.96
-87.9401 -45.2478 1284.79
-87.9401 -45.2478 1474.59
-87.9401 -45.2478 1334.15
-87.9401 -45.2478 1450.77
-87.9401 -45.2478 1545.59
-87.9401 -45.2478 1508.07
-87.9401 -45.2478 1573.48
-87.9401 -45.2478 1523.81
-87.9401 -45.2478 1380.17
-87.9401 -45.2478 1508.09
-87.8901 -45.2478 1370.32
-87.8901 -45.2478 1591.96
-87.8901 -45.2478 1508.06
-87.8901 -45.2478 1233.58
-87.8901 -45.2478 1024.76
-87.8901 -45.2478 1653.15
-87.8901 -45.2478 1229.81
-87.8901 -45.2478 1537.27
-87.8901 -45.2478 1605.43
-87.8901 -45.2478 1435.32
-87.8401 -45.2478 1464.01
-87.8401 -45.2478 1396.48
-87.8401 -45.2478 1421.6
-87.8401 -45.2478 1220.87
-87.8401 -45.2478 1599.86
-87.8401 -45.2478 1620.78
-87.8401 -45.2478 1406.35
-87.8401 -45.2478 1425.5
-87.8401 -45.2478 1351.45
-87.8401 -45.2478 1260.31
-87.7901 -45.2478 1565.5
-87.7901 -45.2478 1160.34
-87.7901 -45.2478 1481.88
-87.7901 -45.2478 1449.14
-87.7901 -45.2478 1308.04
-87.7901 -45.2478 1406.08
-87.7901 -45.2478 1461.7
-87.7901 -45.2478 1574.92
-87.7901 -45.2478 1472.6
-87.7901 -45.2478 1489.12
-87.7401 -45.2478 1281.63
-87.7401 -45.2478 1553.28
-87.7401 -45.2478 1601.95
-87.7401 -45.2478 1459.95
-87.7401 -45.2478 1326.66
-87.7401 -45.2478 1441.44
-87.7401 -45.2478 1460.75
-87.7401 -45.2478 1448.84
-87.7401 -45.2478 1678.45
-87.7401 -45.2478 1449.11
-87.6901 -45.2478 1417.53
-87.6901 -45.2478 1561.7
-87.6901 -45.2478 1429.03
-87.6901 -45.2478 1244.47
-87.6901 -45.2478 1341.55
-87.6901 -45.2478 1506.9
-87.6901 -45.2478 1386.26
-87.6901 -45.2478 1275.76
-87.6901 -45.2478 1314.03
-87.6901 -45.2478 1521.88
-87.6401 -45.2478 1372.88
-87.6401 -45.2478 1303.09
-87.6401 -45.2478 1467.79
-87.6401 -45.2478 1358.06
-87.6401 -45.2478 1127.53
-87.6401 -45.2478 1431.46
-87.6401 -45.2478 1638.4
-87.6401 -45.2478 1417.23
-87.6401 -45.2478 1492.67
-87.6401 -45.2478 1254.76
-87.5901 -45.2478 1463.89
-87.5901 -45.2478 1426.8
-87.5901 -45.2478 1298.8
-87.5901 -45.2478 1474.43
-87.5901 -45.2478 1350.02
-87.5901 -45.2478 1413.95
-87.5901 -45.2478 1465.08
-87.5901 -45.2478 1375.87
-87.5901 -45.2478 1530.55
-87.5901 -45.2478 1244.01
-87.5401 -45.2478 1584.17
-87.5401 -45.2478 1332.84
-87.5401 -45.2478 1266.67
-87.5401 -45.2478 1323.05
-87.5401 -45.2478 1131.69
-87.5401 -45.2478 1440.09
-87.5401 -45.2478 1475
-87.5401 -45.2478 1604.15
-87.5401 -45.2478 1631.45
-87.5401 -45.2478 1266.31
-87.4901 -45.2478 1480.37
-87.4901 -45.2478 1815.71
-87.4901 -45.2478 1473.34
-87.4901 -45.2478 1276.33
-87.4901 -45.2478 1411.28
-87.4901 -45.2478 1617.92
-87.4901 -45.2478 1368.12
-87.4901 -45.2478 1286.12
-87.4901 -45.2478 1396.03
-87.4901 -45.2478 1334.41
-87.4401 -45.2478 1327.14
-87.4401 -45.2478 1426.59
-87.4401 -45.2478 1431.93
-87.4401 -45.2478 1429
-87.4401 -45.2478 1478.1
-87.4401 -45.2478 1274.8
-87.4401 -45.2478 1395.07
-87.4401 -45.2478 1366.11
-87.4401 -45.2478 1420.78
-87.4401 -45.2478 1366.93
-87.3901 -45.2478 1288.13
-87.3901 -45.2478 1359.74
-87.3901 -45.2478 1567.56
-87.3901 -45.2478 1458.2
-87.3901 -45.2478 1194.18
-87.3901 -45.2478 1429.76
-87.3901 -45.2478 1527.71
-87.3901 -45.2478 1446.85
-87.3901 -45.2478 1280.37
-87.3901 -45.2478 1323.19
-87.3401 -45.2478 1415.19
-87.3401 -45.2478 1498.89
-87.3401 -45.2478 1062.21
-87.3401 -45.2478 1321.83
-87.3401 -45.2478 1441.92
-87.3401 -45.2478 1390.35
-87.3401 -45.2478 1549.42
-87.3401 -45.2478 1438.13
-87.3401 -45.2478 1219.7
-87.3401 -45.2478 1282.26
-87.2901 -45.2478 1374.12
-87.2901 -45.2478 1291.34
-87.2901 -45.2478 1276.62
-87.2901 -45.2478 1189.87
-87.2901 -45.2478 1296.83
-87.2901 -45.2478 1598.55
-87.2901 -45.2478 1353.3
-87.2901 -45.2478 1312.79
-87.2901 -45.2478 1443.21
-87.2901 -45.2478 1257.13
-87.2401 -45.2478 1382.14
-87.2401 -45.2478 1359.64
-87.2401 -45.2478 1308.48
-87.2401 -45.2478 1293.68
-87.2401 -45.2478 1499.44
-87.2401 -45.2478 1197.97
-87.2401 -45.2478 1365.81
-87.2401 -45.2478 1255.22
-87.2401 -45.2478 1278.58
-87.2401 -45.2478 1284.69
-87.1901 -45.2478 1231.01
-87.1901 -45.2478 1518.33
-87.1901 -45.2478 1530.5
-87.1901 -45.2478 1529.36
-87.1901 -45.2478 1342.39
-87.1901 -45.2478 1310.73
-87.1901 -45.2478 1425.17
-87.1901 -45.2478 1370.31
-87.1901 -45.2478 1412.83
-87.1901 -45.2478 1469.83
-87.1401 -45.2478 1472.41
-87.1401 -45.2478 1542.25
-87.1401 -45.2478 1322.56
-87.1401 -45.2478 1493.64
-87.1401 -45.2478 1122.42
-87.1401 -45.2478 1206.65
-87.1401 -45.2478 1235.26
-87.1401 -45.2478 1403.26
-87.1401 -45.2478 1557.32
-87.1401 -45.2478 1473.87
-87.0901 -45.2478 1421.4
-87.0901 -45.2478 1314.33
-87.0901 -45.2478 1611.02
-87.0901 -45.2478 1157.92
-87.0901 -45.2478 1150.46
-87.0901 -45.2478 1472.12
-87.0901 -45.2478 1302.06
-87.0901 -45.2478 1390.47
-87.0901 -45.2478 1372.23
-87.0901 -45.2478 1199.34
-87.0401 -45.2478 1681.58
-87.0401 -45.2478 1467.26
-87.0401 -45.2478 1277.28
-87.0401 -45.2478 1408.61
-87.0401 -45.2478 1425.25
-87.0401 -45.2478 1363.84
-87.0401 -45.2478 1168.16
-87.0401 -45.2478 1210.01
-87.0401 -45.2478 1264.88
-87.0401 -45.2478 1401.84
-86.9901 -45.2478 1505.25
-86.9901 -45.2478 1477.86
-86.9901 -45.2478 1325.91
-86.9901 -45.2478 1482.36
-86.9901 -45.2478 1227.85
-86.9901 -45.2478 1283.88
-86.9901 -45.2478 1456.99
-86.9901 -45.2478 1325.28
-86.9901 -45.2478 1264.35
-86.9901 -45.2478 1375.65
-86.9401 -45.2478 1354.67
-86.9401 -45.2478 1302.65
-86.9401 -45.2478 1383.66
-86.9401 -45.2478 1445.78
-86.9401 -45.2478 1314.89
-86.9401 -45.2478 1372.76
-86.9401 -45.2478 1454.89
-86.9401 -45.2478 1292.85
-86.9401 -45.2478 1385.09
-86.9401 -45.2478 1389.91
