-92.9401 -45.9978 1482.89
-92.9401 -45.9978 1561.95
-92.9401 -45.9978 1120.27
-92.9401 -45.9978 1308.06
-92.9401 -45.9978 1319.14
-92.9401 -45.9978 1335.29
-92.9401 -45.9978 1510.71
-92.9401 -45.9978 1431.46
-92.9401 -45.9978 1534.61
-92.9401 -45.9978 1247.29
-92.8901 -45.9978 1332.71
-92.8901 -45.9978 1255.18
-92.8901 -45.9978 1389.55
-92.8901 -45.9978 1441.38
-92.8901 -45.9978 1504.14
-92.8901 -45.9978 1286.33
-92.8901 -45.9978 1548.01
-92.8901 -45.9978 1384.17
-92.8901 -45.9978 1507.09
-92.8901 -45.9978 1376.75
-92.8401 -45.9978 1650.11
-92.8401 -45.9978 1463.53
-92.8401 -45.9978 1249.57
-92.8401 -45.9978 1502.34
-92.8401 -45.9978 1351.1
-92.8401 -45.9978 1606.46
-92.8401 -45.9978 1214.12
-92.8401 -45.9978 1338.29
-92.8401 -45.9978 1690.66
-92.8401 -45.9978 1496.09
-92.7901 -45.9978 1259.84
-92.7901 -45.9978 1264.1
-92.7901 -45.9978 1275.83
-92.7901 -45.9978 1304.87
-92.7901 -45.9978 1333.94
-92.7901 -45.9978 1294.35
-92.7901 -45.9978 1300.62
-92.7901 -45.9978 1356.12
-92.7901 -45.9978 1440.25
-92.7901 -45.9978 1290.33
-92.7401 -45.9978 1420.42
-92.7401 -45.9978 1341.24
-92.7401 -45.9978 1500.88
-92.7401 -45.9978 1246.42
-92.7401 -45.9978 1490.73
-92.7401 -45.9978 1199.12
-92.7401 -45.9978 1457.65
-92.7401 -45.9978 1325.27
-92.7401 -45.9978 1241.94
-92.7401 -45.9978 1525.95
-92.6901 -45.9978 1316.45
-92.6901 -45.9978 1143.24
-92.6901 -45.9978 1275.8
-92.6901 -45.9978 1227.8
-92.6901 -45.9978 1490.85
-92.6901 -45.9978 1425.52
-92.6901 -45.9978 1183.23
-92.6901 -45.9978 1385.49
-92.6901 -45.9978 1239.24
-92.6901 -45.9978 1267.26
-92.6401 -45.9978 1117.67
-92.6401 -45.9978 1352.25
-92.6401 -45.9978 1162.06
-92.6401 -45.9978 1354.33
-92.6401 -45.9978 1446.37
-92.6401 -45.9978 1225.09
-92.6401 -45.9978 1516.95
-92.6401 -45.9978 1355.43
-92.6401 -45.9978 1366
-92.6401 -45.9978 1319.45
-92.5901 -45.9978 1466.19
-92.5901 -45.9978 1321.22
-92.5901 -45.9978 1206.19
-92.5901 -45.9978 1558.14
-92.5901 -45.9978 1245.19
-92.5901 -45.9978 1325.54
-92.5901 -45.9978 1354.68
-92.5901 -45.9978 1467.48
-92.5901 -45.9978 1423.26
-92.5901 -45.9978 1421.64
-92.5401 -45.9978 1303.4
-92.5401 -45.9978 1410.07
-92.5401 -45.9978 1374.09
-92.5401 -45.9978 1259.17
-92.5401 -45.9978 1400.43
-92.5401 -45.9978 1350.11
-92.5401 -45.9978 1347.34
-92.5401 -45.9978 1352.7
-92.5401 -45.9978 1371.35
-92.5401 -45.9978 1462.52
-92.4901 -45.9978 1422.3
-92.4901 -45.9978 1301.55
-92.4901 -45.9978 1403.46
-92.4901 -45.9978 1376.9
-92.4901 -45.9978 1449.07
-92.4901 -45.9978 1421.56
-92.4901 -45.9978 1505.85
-92.4901 -45.9978 1171.52
-92.4901 -45.9978 1365.72
-92.4901 -45.9978 1401.04
-92.4401 -45.9978 1385.9
-92.4401 -45.9978 1375.3
-92.4401 -45.9978 1307.58
-92.4401 -45.9978 1121.93
-92.4401 -45.9978 1229.22
-92.4401 -45.9978 1454.54
-92.4401 -45.9978 1353.07
-92.4401 -45.9978 1670.83
-92.4401 -45.9978 1542.33
-92.4401 -45.9978 1365.11
-92.3901 -45.9978 1418.02
-92.3901 -45.9978 1463.17
-92.3901 -45.9978 1195.63
-92.3901 -45.9978 1561.81
-92.3901 -45.9978 1197.82
-92.3901 -45.9978 1219.06
-92.3901 -45.9978 1406.01
-92.3901 -45.9978 1627.6
-92.3901 -45.9978 1448.55
-92.3901 -45.9978 1435.54
-92.3401 -45.9978 1372.71
-92.3401 -45.9978 1241.96
-92.3401 -45.9978 1119.21
-92.3401 -45.9978 1203.75
-92.3401 -45.9978 1382.04
-92.3401 -45.9978 1465.43
-92.3401 -45.9978 1437.38
-92.3401 -45.9978 1285.71
-92.3401 -45.9978 1381.27
-92.3401 -45.9978 1315.3
-92.2901 -45.9978 1169.21
-92.2901 -45.9978 1337.88
-92.2901 -45.9978 1268.95
-92.2901 -45.9978 1610.71
-92.2901 -45.9978 1509.46
-92.2901 -45.9978 1345.34
-92.2901 -45.9978 1237.67
-92.2901 -45.9978 1578.15
-92.2901 -45.9978 1415.31
-92.2901 -45.9978 1490.86
-92.2401 -45.9978 1548.84
-92.2401 -45.9978 1427.18
-92.2401 -45.9978 1384.12
-92.2401 -45.9978 1435.09
-92.2401 -45.9978 1513.44
-92.2401 -45.9978 1640.11
-92.2401 -45.9978 1377.53
-92.2401 -45.9978 1548.53
-92.2401 -45.9978 1359.85
-92.2401 -45.9978 1450.71
-92.1901 -45.9978 1260.72
-92.1901 -45.9978 1405.84
-92.1901 -45.9978 1464.12
-92.1901 -45.9978 1421.16
-92.1901 -45.9978 1448.42
-92.1901 -45.9978 1425.59
-92.1901 -45.9978 1552.84
-92.1901 -45.9978 1345.29
-92.1901 -45.9978 1539.42
-92.1901 -45.9978 1329.69
-92.1401 -45.9978 1365.61
-92.1401 -45.9978 1583.18
-92.1401 -45.9978 1310.29
-92.1401 -45.9978 1685.2
-92.1401 -45.9978 1298.12
-92.1401 -45.9978 1224.43
-92.1401 -45.9978 1519.68
-92.1401 -45.9978 1394.86
-92.1401 -45.9978 1265.93
-92.1401 -45.9978 1240.53
-92.0901 -45.9978 1650.07
-92.0901 -45.9978 1264.39
-92.0901 -45.9978 1425.08
-92.0901 -45.9978 1517.71
-92.0901 -45.9978 1516.35
-92.0901 -45.9978 1441.8
-92.0901 -45.9978 1365.5
-92.0901 -45.9978 1640.13
-92.0901 -45.9978 1317.89
-92.0901 -45.9978 1402.59
-92.0401 -45.9978 1317.64
-92.0401 -45.9978 1400.43
-92.0401 -45.9978 1259.85
-92.0401 -45.9978 1630.24
-92.0401 -45.9978 1453.61
-92.0401 -45.9978 1667.3
-92.0401 -45.9978 1548.07
-92.0401 -45.9978 1409.6
-92.0401 -45.9978 1453.23
-92.0401 -45.9978 1618.3
-91.9901 -45.9978 1721.55
-91.9901 -45.9978 1517.49
-91.9901 -45.9978 1381.58
-91.9901 -45.9978 1662.01
-91.9901 -45.9978 1624.45
-91.9901 -45.9978 1295.12
-91.9901 -45.9978 1744.07
-91.9901 -45.9978 1477.4
-91.9901 -45.9978 1359.89
-91.9901 -45.9978 1426.88
-91.9401 -45.9978 1624.96
-91.9401 -45.9978 1433.03
-91.9401 -45.9978 1893.11
-91.9401 -45.9978 1511.86
-91.9401 -45.9978 1627.94
-91.9401 -45.9978 1680.4
-91.9401 -45.9978 1761.29
-91.9401 -45.9978 1614.31
-91.9401 -45.9978 1373.91
-91.9401 -45.9978 1778.46
-91.8901 -45.9978 1736.1
-91.8901 -45.9978 1816.45
-91.8901 -45.9978 1986.27
-91.8901 -45.9978 1716.91
-91.8901 -45.9978 1791.74
-91.8901 -45.9978 1739.64
-91.8901 -45.9978 1740.5
-91.8901 -45.9978 1853.24
-91.8901 -45.9978 1685.69
-91.8901 -45.9978 1981.22
-91.8401 -45.9978 1987.62
-91.8401 -45.9978 1821.48
-91.8401 -45.9978 2114.81
-91.8401 -45.9978 2026.89
-91.8401 -45.9978 2332.85
-91.8401 -45.9978 2072.17
-91.8401 -45.9978 2219.1
-91.8401 -45.9978 1848.63
-91.8401 -45.9978 2147.3
-91.8401 -45.9978 1964.34
-91.7901 -45.9978 2788.79
-91.7901 -45.9978 2568.9
-91.7901 -45.9978 2716.18
-91.7901 -45.9978 2582.15
-91.7901 -45.9978 2431.4
-91.7901 -45.9978 2765.3
-91.7901 -45.9978 2758.72
-91.7901 -45.9978 2717.47
-91.7901 -45.9978 2708.78
-91.7901 -45.9978 2363.88
-91.7401 -45.9978 3271.35
-91.7401 -45.9978 3348.49
-91.7401 -45.9978 3143.86
-91.7401 -45.9978 2979.32
-91.7401 -45.9978 3382.25
-91.7401 -45.9978 3129.31
-91.7401 -45.9978 3066.89
-91.7401 -45.9978 3556.84
-91.7401 -45.9978 3357.97
-91.7401 -45.9978 3202.79
-91.6901 -45.9978 4068.34
-91.6901 -45.9978 4518.69
-91.6901 -45.9978 4172.12
-91.6901 -45.9978 4221.42
-91.6901 -45.9978 4078.69
-91.6901 -45.9978 3846.75
-91.6901 -45.9978 4565.6
-91.6901 -45.9978 4002.65
-91.6901 -45.9978 4159.18
-91.6901 -45.9978 4020.69
-91.6401 -45.9978 5431.27
-91.6401 -45.9978 5144.23
-91.6401 -45.9978 5679.15
-91.6401 -45.9978 5459.52
-91.6401 -45.9978 5117.94
-91.6401 -45.9978 5095.25
-91.6401 -45.9978 5114.65
-91.6401 -45.9978 4942.54
-91.6401 -45.9978 5504.22
-91.6401 -45.9978 4654.63
-91.5901 -45.9978 6668.01
-91.5901 -45.9978 7091.09
-91.5901 -45.9978 6626.39
-91.5901 -45.9978 6741.57
-91.5901 -45.9978 6504.81
-91.5901 -45.9978 6711.07
-91.5901 -45.9978 6820.78
-91.5901 -45.9978 6536.99
-91.5901 -45.9978 6502.26
-91.5901 -45.9978 6738.14
-91.5401 -45.9978 9492.18
-91.5401 -45.9978 9532.62
-91.5401 -45.9978 9273.8
-91.5401 -45.9978 9158.06
-91.5401 -45.9978 9433.96
-91.5401 -45.9978 9637.06
-91.5401 -45.9978 10131.9
-91.5401 -45.9978 9818.74
-91.5401 -45.9978 9908.71
-91.5401 -45.9978 9995.33
-91.4901 -45.9978 12097.7
-91.4901 -45.9978 11740.2
-91.4901 -45.9978 12633.2
-91.4901 -45.9978 12067.1
-91.4901 -45.9978 12584.8
-91.4901 -45.9978 12070.1
-91.4901 -45.9978 12438.1
-91.4901 -45.9978 12245.7
-91.4901 -45.9978 12547.6
-91.4901 -45.9978 12201.5
-91.4401 -45.9978 14970.6
-91.4401 -45.9978 14769
-91.4401 -45.9978 15406.6
-91.4401 -45.9978 14509.1
-91.4401 -45.9978 14913.3
-91.4401 -45.9978 15080.3
-91.4401 -45.9978 15217.7
-91.4401 -45.9978 14508.7
-91.4401 -45.9978 15248.3
-91.4401 -45.9978 14942.7
-91.3901 -45.9978 18113.1
-91.3901 -45.9978 18036.9
-91.3901 -45.9978 18339.9
-91.3901 -45.9978 18428.2
-91.3901 -45.9978 18445.1
-91.3901 -45.9978 17992.7
-91.3901 -45.9978 17562.1
-91.3901 -45.9978 17882.1
-91.3901 -45.9978 18381.3
-91.3901 -45.9978 17809.7
-91.3401 -45.9978 19831.9
-91.3401 -45.9978 20169.7
-91.3401 -45.9978 20906.5
-91.3401 -45.9978 20234.6
-91.3401 -45.9978 21087.7
-91.3401 -45.9978 20282.6
-91.3401 -45.9978 20731.4
-91.3401 -45.9978 20910.2
-91.3401 -45.9978 20477.4
-91.3401 -45.9978 20794
-91.2901 -45.9978 22775.4
-91.2901 -45.9978 23087.9
-91.2901 -45.9978 22806
-91.2901 -45.9978 22523.2
-91.2901 -45.9978 23064.5
-91.2901 -45.9978 22949.1
-91.2901 -45.9978 22777
-91.2901 -45.9978 22695
-91.2901 -45.9978 23141.9
-91.2901 -45.9978 22843.8
-91.2401 -45.9978 24534.1
-91.2401 -45.9978 25200.8
-91.2401 -45.9978 25226.8
-91.2401 -45.9978 24254.6
-91.2401 -45.9978 23509.7
-91.2401 -45.9978 24166.8
-91.2401 -45.9978 24302.5
-91.2401 -45.9978 24017.4
-91.2401 -45.9978 24435.8
-91.2401 -45.9978 23736
-91.1901 -45.9978 25401.2
-91.1901 -45.9978 26048.5
-91.1901 -45.9978 25099.1
-91.1901 -45.9978 25321.3
-91.1901 -45.9978 25395.6
-91.1901 -45.9978 25111.3
-91.1901 -45.9978 26511.8
-91.1901 -45.9978 25216
-91.1901 -45.9978 24980.6
-91.1901 -45.9978 26014.8
-91.1401 -45.9978 26512.4
-91.1401 -45.9978 26792.2
-91.1401 -45.9978 26686.9
-91.1401 -45.9978 25885.2
-91.1401 -45.9978 26226.7
-91.1401 -45.9978 26146.8
-91.1401 -45.9978 26642.7
-91.1401 -45.9978 26435.5
-91.1401 -45.9978 26556.4
-91.1401 -45.9978 25834.6
-91.0901 -45.9978 27157.1
-91.0901 -45.9978 27482.8
-91.0901 -45.9978 26209.2
-91.0901 -45.9978 27330.4
-91.0901 -45.9978 27466
-91.0901 -45.9978 26864
-91.0901 -45.9978 26399.2
-91.0901 -45.9978 26755.5
-91.0901 -45.9978 26795.4
-91.0901 -45.9978 26953.2
-91.0401 -45.9978 28066.8
-91.0401 -45.9978 27481.5
-91.0401 -45.9978 25111.4
-91.0401 -45.9978 27285.3
-91.0401 -45.9978 26665.1
-91.0401 -45.9978 27247.4
-91.0401 -45.9978 26726.9
-91.0401 -45.9978 27409
-91.0401 -45.9978 27730.5
-91.0401 -45.9978 27565.5
-90.9901 -45.9978 26865.6
-90.9901 -45.9978 26474.2
-90.9901 -45.9978 27863.9
-90.9901 -45.9978 27085.8
-90.9901 -45.9978 27507.1
-90.9901 -45.9978 26617.9
-90.9901 -45.9978 26965.4
-90.9901 -45.9978 27704.1
-90.9901 -45.9978 27307.4
-90.9901 -45.9978 27737.8
-90.9401 -45.9978 27276.9
-90.9401 -45.9978 27245.7
-90.9401 -45.9978 26687.4
-90.9401 -45.9978 27498
-90.9401 -45.9978 26576.4
-90.9401 -45.9978 28184.8
-90.9401 -45.9978 27184.6
-90.9401 -45.9978 26402.8
-90.9401 -45.9978 27176.1
-90.9401 -45.9978 27985
-90.8901 -45.9978 27501.8
-90.8901 -45.9978 27218
-90.8901 -45.9978 26445.6
-90.8901 -45.9978 27150.4
-90.8901 -45.9978 27881.7
-90.8901 -45.9978 27057.4
-90.8901 -45.9978 27184.4
-90.8901 -45.9978 26860.4
-90.8901 -45.9978 27802
-90.8901 -45.9978 28502.5
-90.8401 -45.9978 27957.8
-90.8401 -45.9978 26898.9
-90.8401 -45.9978 27846.9
-90.8401 -45.9978 27988.7
-90.8401 -45.9978 27283.6
-90.8401 -45.9978 28105.3
-90.8401 -45.9978 26719.5
-90.8401 -45.9978 27403.9
-90.8401 -45.9978 27821.7
-90.8401 -45.9978 27170.1
-90.7901 -45.9978 27010.7
-90.7901 -45.9978 26838.1
-90.7901 -45.9978 26675.7
-90.7901 -45.9978 28047.9
-90.7901 -45.9978 27855
-90.7901 -45.9978 26898.6
-90.7901 -45.9978 27968.2
-90.7901 -45.9978 27899.2
-90.7901 -45.9978 27936.8
-90.7901 -45.9978 27699.9
-90.7401 -45.9978 27091.3
-90.7401 -45.9978 26735.6
-90.7401 -45.9978 28153.2
-90.7401 -45.9978 27463.4
-90.7401 -45.9978 27112.7
-90.7401 -45.9978 26928.4
-90.7401 -45.9978 28108.4
-90.7401 -45.9978 26758.3
-90.7401 -45.9978 27174.9
-90.7401 -45.9978 27561.4
-90.6901 -45.9978 27549.3
-90.6901 -45.9978 27908.4
-90.6901 -45.9978 27356.6
-90.6901 -45.9978 28019.8
-90.6901 -45.9978 27858.9
-90.6901 -45.9978 27928.3
-90.6901 -45.9978 27615
-90.6901 -45.9978 27007.1
-90.6901 -45.9978 27711.4
-90.6901 -45.9978 26989.4
-90.6401 -45.9978 27858.7
-90.6401 -45.9978 28726
-90.6401 -45.9978 28800.9
-90.6401 -45.9978 27098.5
-90.6401 -45.9978 27740
-90.6401 -45.9978 27107.9
-90.6401 -45.9978 27192
-90.6401 -45.9978 26942.7
-90.6401 -45.9978 27928.7
-90.6401 -45.9978 27560
-90.5901 -45.9978 27331.1
-90.5901 -45.9978 27092.3
-90.5901 -45.9978 27547.1
-90.5901 -45.9978 27907.1
-90.5901 -45.9978 26371.3
-90.5901 -45.9978 28765.6
-90.5901 -45.9978 28011.5
-90.5901 -45.9978 27545.1
-90.5901 -45.9978 27549.8
-90.5901 -45.9978 27898.4
-90.5401 -45.9978 27853.9
-90.5401 -45.9978 27582.7
-90.5401 -45.9978 26837.1
-90.5401 -45.9978 28659.3
-90.5401 -45.9978 26873.5
-90.5401 -45.9978 28329.6
-90.5401 -45.9978 27454
-90.5401 -45.9978 27110.6
-90.5401 -45.9978 27490.8
-90.5401 -45.9978 28090.8
-90.4901 -45.9978 27425.5
-90.4901 -45.9978 28620.9
-90.4901 -45.9978 27179.9
-90.4901 -45.9978 27636.8
-90.4901 -45.9978 28069.8
-90.4901 -45.9978 27313.2
-90.4901 -45.9978 28583.8
-90.4901 -45.9978 27543.6
-90.4901 -45.9978 27342.5
-90.4901 -45.9978 27734.6
-90.4401 -45.9978 28235.3
-90.4401 -45.9978 27751.3
-90.4401 -45.9978 28700.9
-90.4401 -45.9978 28020.7
-90.4401 -45.9978 27223.2
-90.4401 -45.9978 27613
-90.4401 -45.9978 27377.2
-90.4401 -45.9978 27672.1
-90.4401 -45.9978 28092.3
-90.4401 -45.9978 28021
-90.3901 -45.9978 28394.5
-90.3901 -45.9978 26771.4
-90.3901 -45.9978 27570.6
-90.3901 -45.9978 28095.1
-90.3901 -45.9978 27009.8
-90.3901 -45.9978 27351.9
-90.3901 -45.9978 26330
-90.3901 -45.9978 27458.9
-90.3901 -45.9978 27067
-90.3901 -45.9978 27758.8
-90.3401 -45.9978 28105.1
-90.3401 -45.9978 27213.5
-90.3401 -45.9978 27786
-90.3401 -45.9978 26857.2
-90.3401 -45.9978 27567.1
-90.3401 -45.9978 26818.6
-90.3401 -45.9978 27464.1
-90.3401 -45.9978 27385.7
-90.3401 -45.9978 27391.5
-90.3401 -45.9978 27140.1
-90.2901 -45.9978 28418.4
-90.2901 -45.9978 27151.6
-90.2901 -45.9978 26633.5
-90.2901 -45.9978 27648.6
-90.2901 -45.9978 26927.8
-90.2901 -45.9978 27871.7
-90.2901 -45.9978 27073.9
-90.2901 -45.9978 27511.9
-90.2901 -45.9978 27473.8
-90.2901 -45.9978 27611.4
-90.2401 -45.9978 27199.3
-90.2401 -45.9978 26599.8
-90.2401 -45.9978 27057.2
-90.2401 -45.9978 26961
-90.2401 -45.9978 0
-90.2401 -45.9978 26873.8
-90.2401 -45.9978 28121.2
-90.2401 -45.9978 27536.7
-90.2401 -45.9978 27774.5
-90.2401 -45.9978 27519.4
-90.1901 -45.9978 27477.2
-90.1901 -45.9978 27293.2
-90.1901 -45.9978 27180.9
-90.1901 -45.9978 28139
-90.1901 -45.9978 27868
-90.1901 -45.9978 26238.2
-90.1901 -45.9978 27334.1
-90.1901 -45.9978 28461.7
-90.1901 -45.9978 28413.2
-90.1901 -45.9978 27786.6
-90.1401 -45.9978 27388
-90.1401 -45.9978 27158.1
-90.1401 -45.9978 27357.6
-90.1401 -45.9978 27677.8
-90.1401 -45.9978 27547
-90.1401 -45.9978 27179.5
-90.1401 -45.9978 28021.9
-90.1401 -45.9978 27136.5
-90.1401 -45.9978 28221.2
-90.1401 -45.9978 28357.3
-90.0901 -45.9978 27670
-90.0901 -45.9978 27404
-90.0901 -45.9978 28320.8
-90.0901 -45.9978 26317.4
-90.0901 -45.9978 27468.2
-90.0901 -45.9978 27344.2
-90.0901 -45.9978 27589.9
-90.0901 -45.9978 28103.7
-90.0901 -45.9978 28144.5
-90.0901 -45.9978 27624.5
-90.0401 -45.9978 26726.2
-90.0401 -45.9978 27045.1
-90.0401 -45.9978 27036
-90.0401 -45.9978 27226.9
-90.0401 -45.9978 27360.1
-90.0401 -45.9978 27985
-90.0401 -45.9978 27669.3
-90.0401 -45.9978 27365.4
-90.0401 -45.9978 27382.9
-90.0401 -45.9978 27107.6
-89.9901 -45.9978 27289.9
-89.9901 -45.9978 27995.5
-89.9901 -45.9978 27864.8
-89.9901 -45.9978 26756.1
-89.9901 -45.9978 27669.7
-89.9901 -45.9978 27115
-89.9901 -45.9978 28522.7
-89.9901 -45.9978 27364.2
-89.9901 -45.9978 27853.3
-89.9901 -45.9978 27694.5
-89.9401 -45.9978 27152.2
-89.9401 -45.9978 26870.5
-89.9401 -45.9978 27279.8
-89.9401 -45.9978 26674.5
-89.9401 -45.9978 27332
-89.9401 -45.9978 27003.2
-89.9401 -45.9978 26339.3
-89.9401 -45.9978 27173.4
-89.9401 -45.9978 27679.4
-89.9401 -45.9978 27576.8
-89.8901 -45.9978 27896.9
-89.8901 -45.9978 28312.4
-89.8901 -45.9978 26730.4
-89.8901 -45.9978 28046.1
-89.8901 -45.9978 27854.6
-89.8901 -45.9978 27904.1
-89.8901 -45.9978 27829.4
-89.8901 -45.9978 27867.1
-89.8901 -45.9978 27484.5
-89.8901 -45.9978 26941.8
-89.8401 -45.9978 27796.2
-89.8401 -45.9978 26601.9
-89.8401 -45.9978 27805.7
-89.8401 -45.9978 27800.9
-89.8401 -45.9978 27406
-89.8401 -45.9978 26682.8
-89.8401 -45.9978 26677.2
-89.8401 -45.9978 26944.3
-89.8401 -45.9978 28265
-89.8401 -45.9978 28033.8
-89.7901 -45.9978 27585
-89.7901 -45.9978 28631.9
-89.7901 -45.9978 27846.4
-89.7901 -45.9978 27854.2
-89.7901 -45.9978 27201.9
-89.7901 -45.9978 27458.4
-89.7901 -45.9978 27233
-89.7901 -45.9978 27961.1
-89.7901 -45.9978 27748.7
-89.7901 -45.9978 27483.4
-89.7401 -45.9978 27864.2
-89.7401 -45.9978 27602.5
-89.7401 -45.9978 27490.9
-89.7401 -45.9978 27366.8
-89.7401 -45.9978 28564.3
-89.7401 -45.9978 26976.7
-89.7401 -45.9978 28023.1
-89.7401 -45.9978 28174.6
-89.7401 -45.9978 28865.8
-89.7401 -45.9978 27815.6
-89.6901 -45.9978 28014.2
-89.6901 -45.9978 27764
-89.6901 -45.9978 26929.1
-89.6901 -45.9978 27919.4
-89.6901 -45.9978 27189.4
-89.6901 -45.9978 28391.9
-89.6901 -45.9978 26989.2
-89.6901 -45.9978 27719.1
-89.6901 -45.9978 27290
-89.6901 -45.9978 26945.5
-89.6401 -45.9978 28385.7
-89.6401 -45.9978 28063
-89.6401 -45.9978 27757.8
-89.6401 -45.9978 27682.9
-89.6401 -45.9978 28002
-89.6401 -45.9978 27305.7
-89.6401 -45.9978 28394.4
-89.6401 -45.9978 27896.1
-89.6401 -45.9978 28303.5
-89.6401 -45.9978 27826.8
-89.5901 -45.9978 27621.1
-89.5901 -45.9978 28341.3
-89.5901 -45.9978 28008.8
-89.5901 -45.9978 27195.8
-89.5901 -45.9978 27534.3
-89.5901 -45.9978 28713
-89.5901 -45.9978 27542.3
-89.5901 -45.9978 27645
-89.5901 -45.9978 27241
-89.5901 -45.9978 27846.4
-89.5401 -45.9978 28233.4
-89.5401 -45.9978 27669.7
-89.5401 -45.9978 27548
-89.5401 -45.9978 26850
-89.5401 -45.9978 26969.4
-89.5401 -45.9978 28109.2
-89.5401 -45.9978 28103.8
-89.5401 -45.9978 28006.2
-89.5401 -45.9978 27932.7
-89.5401 -45.9978 26849.5
-89.4901 -45.9978 27363.9
-89.4901 -45.9978 27306.9
-89.4901 -45.9978 28329.6
-89.4901 -45.9978 28022.6
-89.4901 -45.9978 26639.7
-89.4901 -45.9978 27497.4
-89.4901 -45.9978 29013.2
-89.4901 -45.9978 27948.5
-89.4901 -45.9978 27794
-89.4901 -45.9978 26905.4
-89.4401 -45.9978 28407.9
-89.4401 -45.9978 27615.1
-89.4401 -45.9978 27898.4
-89.4401 -45.9978 27279.6
-89.4401 -45.9978 26758.4
-89.4401 -45.9978 27406.2
-89.4401 -45.9978 26488.7
-89.4401 -45.9978 27554.7
-89.4401 -45.9978 27519.4
-89.4401 -45.9978 28495.2
-89.3901 -45.9978 27969.8
-89.3901 -45.9978 27217.2
-89.3901 -45.9978 28130.8
-89.3901 -45.9978 27516.7
-89.3901 -45.9978 27762.5
-89.3901 -45.9978 28025.9
-89.3901 -45.9978 26889.7
-89.3901 -45.9978 27996.4
-89.3901 -45.9978 28122.3
-89.3901 -45.9978 27551.3
-89.3401 -45.9978 26897.4
-89.3401 -45.9978 26163.5
-89.3401 -45.9978 27382.1
-89.3401 -45.9978 26453.1
-89.3401 -45.9978 28002.5
-89.3401 -45.9978 26991.1
-89.3401 -45.9978 26747.1
-89.3401 -45.9978 26549.5
-89.3401 -45.9978 26842.2
-89.3401 -45.9978 27348.4
-89.2901 -45.9978 27589.6
-89.2901 -45.9978 27504.1
-89.2901 -45.9978 27014.2
-89.2901 -45.9978 27141.8
-89.2901 -45.9978 28527.2
-89.2901 -45.9978 28303.3
-89.2901 -45.9978 27282.1
-89.2901 -45.9978 28039.6
-89.2901 -45.9978 27522.3
-89.2901 -45.9978 27087.3
-89.2401 -45.9978 28075.3
-89.2401 -45.9978 27203.2
-89.2401 -45.9978 28081.3
-89.2401 -45.9978 28075.2
-89.2401 -45.9978 27424.2
-89.2401 -45.9978 27964.3
-89.2401 -45.9978 28298.9
-89.2401 -45.9978 27829.6
-89.2401 -45.9978 28179.4
-89.2401 -45.9978 28339.6
-89.1901 -45.9978 26585.6
-89.1901 -45.9978 27321.5
-89.1901 -45.9978 28011.1
-89.1901 -45.9978 27501.6
-89.1901 -45.9978 28073
-89.1901 -45.9978 27570.2
-89.1901 -45.9978 27320.6
-89.1901 -45.9978 26915.4
-89.1901 -45.9978 26899.4
-89.1901 -45.9978 27663.3
-89.1401 -45.9978 27264.5
-89.1401 -45.9978 26456.1
-89.1401 -45.9978 27351.6
-89.1401 -45.9978 28273.1
-89.1401 -45.9978 26586.5
-89.1401 -45.9978 27959.5
-89.1401 -45.9978 28153.7
-89.1401 -45.9978 26585.3
-89.1401 -45.9978 27737.9
-89.1401 -45.9978 27761
-89.0901 -45.9978 27351.2
-89.0901 -45.9978 26606.4
-89.0901 -45.9978 27046.5
-89.0901 -45.9978 27987.9
-89.0901 -45.9978 28497.7
-89.0901 -45.9978 26501.7
-89.0901 -45.9978 26856.7
-89.0901 -45.9978 28235.9
-89.0901 -45.9978 27297.6
-89.0901 -45.9978 26943.4
-89.0401 -45.9978 27438.5
-89.0401 -45.9978 27516.9
-89.0401 -45.9978 27383.3
-89.0401 -45.9978 27103.8
-89.0401 -45.9978 27358.1
-89.0401 -45.9978 26890.6
-89.0401 -45.9978 28155.5
-89.0401 -45.9978 27969.5
-89.0401 -45.9978 27473
-89.0401 -45.9978 27503.5
-88.9901 -45.9978 27267.7
-88.9901 -45.9978 27100
-88.9901 -45.9978 26927.7
-88.9901 -45.9978 26840.5
-88.9901 -45.9978 28362.7
-88.9901 -45.9978 28023.8
-88.9901 -45.9978 27532.6
-88.9901 -45.9978 26922.7
-88.9901 -45.9978 26980.5
-88.9901 -45.9978 27153.2
-88.9401 -45.9978 27217.3
-88.9401 -45.9978 27146.4
-88.9401 -45.9978 27775.8
-88.9401 -45.9978 27029.5
-88.9401 -45.9978 27208.8
-88.9401 -45.9978 27703.2
-88.9401 -45.9978 27859.8
-88.9401 -45.9978 27734.6
-88.9401 -45.9978 27118.8
-88.9401 -45.9978 26822.8
-88.8901 -45.9978 27434.4
-88.8901 -45.9978 26858.5
-88.8901 -45.9978 27072.6
-88.8901 -45.9978 28020.3
-88.8901 -45.9978 26810.7
-88.8901 -45.9978 26915.9
-88.8901 -45.9978 26745.4
-88.8901 -45.9978 26244.7
-88.8901 -45.9978 27310.3
-88.8901 -45.9978 27234.6
-88.8401 -45.9978 26318.8
-88.8401 -45.9978 27016.7
-88.8401 -45.9978 27057.5
-88.8401 -45.9978 27314.4
-88.8401 -45.9978 26598.5
-88.8401 -45.9978 27364.9
-88.8401 -45.9978 26253.6
-88.8401 -45.9978 26952.1
-88.8401 -45.9978 26712.2
-88.8401 -45.9978 26678.1
-88.7901 -45.9978 26285.3
-88.7901 -45.9978 25864.6
-88.7901 -45.9978 26499.7
-88.7901 -45.9978 26762.9
-88.7901 -45.9978 25843.7
-88.7901 -45.9978 26346.7
-88.7901 -45.9978 26936.3
-88.7901 -45.9978 25761.5
-88.7901 -45.9978 26064.6
-88.7901 -45.9978 26434.2
-88.7401 -45.9978 25888.2
-88.7401 -45.9978 25229
-88.7401 -45.9978 26790.2
-88.7401 -45.9978 25934.1
-88.7401 -45.9978 25636
-88.7401 -45.9978 25742.8
-88.7401 -45.9978 25956.3
-88.7401 -45.9978 26520.6
-88.7401 -45.9978 25723.2
-88.7401 -45.9978 26313.1
-88.6901 -45.9978 24321.1
-88.6901 -45.9978 25566.6
-88.6901 -45.9978 24916
-88.6901 -45.9978 24490.6
-88.6901 -45.9978 25843.5
-88.6901 -45.9978 24904.8
-88.6901 -45.9978 24668.3
-88.6901 -45.9978 24673.1
-88.6901 -45.9978 25363.8
-88.6901 -45.9978 25057.6
-88.6401 -45.9978 24192.8
-88.6401 -45.9978 23131.8
-88.6401 -45.9978 24035.4
-88.6401 -45.9978 23898.4
-88.6401 -45.9978 22866.7
-88.6401 -45.9978 23483.6
-88.6401 -45.9978 24368.9
-88.6401 -45.9978 23998.6
-88.6401 -45.9978 24477.6
-88.6401 -45.9978 24299.2
-88.5901 -45.9978 22146.8
-88.5901 -45.9978 21770.1
-88.5901 -45.9978 21649.7
-88.5901 -45.9978 21738.8
-88.5901 -45.9978 22246.9
-88.5901 -45.9978 22120.6
-88.5901 -45.9978 21807.8
-88.5901 -45.9978 20707.2
-88.5901 -45.9978 21456.9
-88.5901 -45.9978 21116.7
-88.5401 -45.9978 19629.4
-88.5401 -45.9978 18900.1
-88.5401 -45.9978 19542.5
-88.5401 -45.9978 18899.6
-88.5401 -45.9978 18678.2
-88.5401 -45.9978 20028.8
-88.5401 -45.9978 18521.8
-88.5401 -45.9978 19166.2
-88.5401 -45.9978 19289.6
-88.5401 -45.9978 19488.4
-88.4901 -45.9978 15544.7
-88.4901 -45.9978 16050.6
-88.4901 -45.9978 16232.9
-88.4901 -45.9978 16082.8
-88.4901 -45.9978 16643.7
-88.4901 -45.9978 16067.1
-88.4901 -45.9978 15999.4
-88.4901 -45.9978 16030.2
-88.4901 -45.9978 15149.1
-88.4901 -45.9978 16411.7
-88.4401 -45.9978 12773.1
-88.4401 -45.9978 13708
-88.4401 -45.9978 12682.1
-88.4401 -45.9978 12181.7
-88.4401 -45.9978 12390
-88.4401 -45.9978 13249.3
-88.4401 -45.9978 12839.2
-88.4401 -45.9978 12297.4
-88.4401 -45.9978 12658.2
-88.4401 -45.9978 11884.8
-88.3901 -45.9978 9589.94
-88.3901 -45.9978 9646.58
-88.3901 -45.9978 8891.19
-88.3901 -45.9978 8965.37
-88.3901 -45.9978 9129.94
-88.3901 -45.9978 8743.32
-88.3901 -45.9978 9303.44
-88.3901 -45.9978 8684.7
-88.3901 -45.9978 9669.83
-88.3901 -45.9978 8839.59
-88.3401 -45.9978 6072.06
-88.3401 -45.9978 6637.78
-88.3401 -45.9978 6203.86
-88.3401 -45.9978 6316.91
-88.3401 -45.9978 6805.63
-88.3401 -45.9978 6380.53
-88.3401 -45.9978 6678.51
-88.3401 -45.9978 7005.72
-88.3401 -45.9978 6567.62
-88.3401 -45.9978 0
-88.2901 -45.9978 4706.2
-88.2901 -45.9978 4658.45
-88.2901 -45.9978 4759.59
-88.2901 -45.9978 4400.57
-88.2901 -45.9978 4256.4
-88.2901 -45.9978 4494.03
-88.2901 -45.9978 4384.69
-88.2901 -45.9978 4579.5
-88.2901 -45.9978 4178.76
-88.2901 -45.9978 4442.22
-88.2401 -45.9978 3392.82
-88.2401 -45.9978 2921.18
-88.2401 -45.9978 3316.04
-88.2401 -45.9978 3349.3
-88.2401 -45.9978 3090.41
-88.2401 -45.9978 2831.08
-88.2401 -45.9978 3136.94
-88.2401 -45.9978 3480.19
-88.2401 -45.9978 3054.12
-88.2401 -45.9978 3176.28
-88.1901 -45.9978 2532.36
-88.1901 -45.9978 2261.58
-88.1901 -45.9978 2391.62
-88.1901 -45.9978 2260.25
-88.1901 -45.9978 2283.36
-88.1901 -45.9978 2488.64
-88.1901 -45.9978 2289.61
-88.1901 -45.9978 2461.59
-88.1901 -45.9978 2465.17
-88.1901 -45.9978 2263.6
-88.1401 -45.9978 1870.77
-88.1401 -45.9978 1595
-88.1401 -45.9978 1907.48
-88.1401 -45.9978 1778.64
-88.1401 -45.9978 1951.38
-88.1401 -45.9978 1948.14
-88.1401 -45.9978 1997.88
-88.1401 -45.9978 1740.57
-88.1401 -45.9978 1958.5
-88.1401 -45.9978 1793.37
-88.0901 -45.9978 1799.74
-88.0901 -45.9978 1751.83
-88.0901 -45.9978 1718.52
-88.0901 -45.9978 1557.87
-88.0901 -45.9978 1961.61
-88.0901 -45.9978 1490.74
-88.0901 -45.9978 1756.58
-88.0901 -45.9978 1757.04
-88.0901 -45.9978 1503.88
-88.0901 -45.9978 1690.94
-88.0401 -45.9978 1654.34
-88.0401 -45.9978 1461.15
-88.0401 -45.9978 1693.75
-88.0401 -45.9978 1199.88
-88.0401 -45.9978 1538.79
-88.0401 -45.9978 1497.19
-88.0401 -45.9978 1568.04
-88.0401 -45.9978 1686.76
-88.0401 -45.9978 1617.57
-88.0401 -45.9978 1501.5
-87.9901 -45.9978 1344.42
-87.9901 -45.9978 1477.88
-87.9901 -45.9978 1507.22
-87.9901 -45.9978 1458.25
-87.9901 -45.9978 1716.95
-87.9901 -45.9978 1560.94
-87.9901 -45.9978 1559.07
-87.9901 -45.9978 1482.38
-87.9901 -45.9978 1452.77
-87.9901 -45.9978 1386.92
-87.9401 -45.9978 1237.52
-87.9401 -45.9978 1239.6
-87.9401 -45.9978 1340.39
-87.9401 -45.9978 1461.46
-87.9401 -45.9978 1431.74
-87.9401 -45.9978 1404.92
-87.9401 -45.9978 1573.68
-87.9401 -45.9978 1419.51
-87.9401 -45.9978 1397.83
-87.9401 -45.9978 1264.87
-87.8901 -45.9978 1187.53
-87.8901 -45.9978 1443.27
-87.8901 -45.9978 1403.32
-87.8901 -45.9978 1515.25
-87.8901 -45.9978 1304.07
-87.8901 -45.9978 1444.89
-87.8901 -45.9978 1641.9
-87.8901 -45.9978 1523.14
-87.8901 -45.9978 1402.42
-87.8901 -45.9978 1321.66
-87.8401 -45.9978 1343.92
-87.8401 -45.9978 1187.83
-87.8401 -45.9978 1419.2
-87.8401 -45.9978 1453.82
-87.8401 -45.9978 1591.48
-87.8401 -45.9978 1342.93
-87.8401 -45.9978 1400.38
-87.8401 -45.9978 1507.27
-87.8401 -45.9978 1295.78
-87.8401 -45.9978 1218.82
-87.7901 -45.9978 1360.3
-87.7901 -45.9978 1198.4
-87.7901 -45.9978 1328.63
-87.7901 -45.9978 1589.45
-87.7901 -45.9978 1648.55
-87.7901 -45.9978 1573.8
-87.7901 -45.9978 1369.3
-87.7901 -45.9978 1327.3
-87.7901 -45.9978 1466.19
-87.7901 -45.9978 1557.67
-87.7401 -45.9978 1482.26
-87.7401 -45.9978 1468.71
-87.7401 -45.9978 1549.16
-87.7401 -45.9978 1770.53
-87.7401 -45.9978 1239
-87.7401 -45.9978 1390.95
-87.7401 -45.9978 1489.55
-87.7401 -45.9978 1529.25
-87.7401 -45.9978 1389.6
-87.7401 -45.9978 1361.79
-87.6901 -45.9978 1291.56
-87.6901 -45.9978 1352.03
-87.6901 -45.9978 1375.2
-87.6901 -45.9978 1319.62
-87.6901 -45.9978 1344.9
-87.6901 -45.9978 1489.49
-87.6901 -45.9978 1372.21
-87.6901 -45.9978 1519.57
-87.6901 -45.9978 1305.26
-87.6901 -45.9978 1464.06
-87.6401 -45.9978 1630.08
-87.6401 -45.9978 1504.53
-87.6401 -45.9978 1645.92
-87.6401 -45.9978 1260.5
-87.6401 -45.9978 1426.45
-87.6401 -45.9978 1378.78
-87.6401 -45.9978 1298.37
-87.6401 -45.9978 1331.64
-87.6401 -45.9978 1509.54
-87.6401 -45.9978 1458.05
-87.5901 -45.9978 1260.62
-87.5901 -45.9978 1438.23
-87.5901 -45.9978 1450.25
-87.5901 -45.9978 1555.22
-87.5901 -45.9978 1329
-87.5901 -45.9978 1293.77
-87.5901 -45.9978 1382.69
-87.5901 -45.9978 0
-87.5901 -45.9978 1328.18
-87.5901 -45.9978 1429.2
-87.5401 -45.9978 1402.66
-87.5401 -45.9978 1191.66
-87.5401 -45.9978 1196.77
-87.5401 -45.9978 1567.39
-87.5401 -45.9978 1300.43
-87.5401 -45.9978 1266.03
-87.5401 -45.9978 1478.34
-87.5401 -45.9978 1359.31
-87.5401 -45.9978 1415.48
-87.5401 -45.9978 1184.79
-87.4901 -45.9978 1375.6
-87.4901 -45.9978 1138.28
-87.4901 -45.9978 1459.95
-87.4901 -45.9978 1447.99
-87.4901 -45.9978 1572.2
-87.4901 -45.9978 1469.11
-87.4901 -45.9978 1397.89
-87.4901 -45.9978 1098.8
-87.4901 -45.9978 1346.27
-87.4901 -45.9978 1205.71
-87.4401 -45.9978 1477.18
-87.4401 -45.9978 1362.61
-87.4401 -45.9978 1335.96
-87.4401 -45.9978 1520.31
-87.4401 -45.9978 1244.94
-87.4401 -45.9978 1322.37
-87.4401 -45.9978 1317.62
-87.4401 -45.9978 1403.54
-87.4401 -45.9978 1518.17
-87.4401 -45.9978 1441.08
-87.3901 -45.9978 1304.93
-87.3901 -45.9978 1210.35
-87.3901 -45.9978 1273.27
-87.3901 -45.9978 1391.31
-87.3901 -45.9978 1523.04
-87.3901 -45.9978 1272.04
-87.3901 -45.9978 1132.17
-87.3901 -45.9978 1176.71
-87.3901 -45.9978 1390.84
-87.3901 -45.9978 1433.61
-87.3401 -45.9978 1486.01
-87.3401 -45.9978 1374.67
-87.3401 -45.9978 1206.8
-87.3401 -45.9978 1333.55
-87.3401 -45.9978 1502.32
-87.3401 -45.9978 1491.07
-87.3401 -45.9978 1372.2
-87.3401 -45.9978 1383.93
-87.3401 -45.9978 1481.15
-87.3401 -45.9978 1219.55
-87.2901 -45.9978 1328.74
-87.2901 -45.9978 1250.72
-87.2901 -45.9978 1282.19
-87.2901 -45.9978 1334.26
-87.2901 -45.9978 1621.44
-87.2901 -45.9978 1141.61
-87.2901 -45.9978 1305.92
-87.2901 -45.9978 1384.02
-87.2901 -45.9978 1574.45
-87.2901 -45.9978 1447.99
-87.2401 -45.9978 1302.09
-87.2401 -45.9978 1308.15
-87.2401 -45.9978 1426.18
-87.2401 -45.9978 1509.96
-87.2401 -45.9978 1413.58
-87.2401 -45.9978 1453.08
-87.2401 -45.9978 1552.75
-87.2401 -45.9978 1513.25
-87.2401 -45.9978 1510.66
-87.2401 -45.9978 1454.63
-87.1901 -45.9978 1466.42
-87.1901 -45.9978 1392.01
-87.1901 -45.9978 1691.28
-87.1901 -45.9978 1509.35
-87.1901 -45.9978 1659.77
-87.1901 -45.9978 1486.49
-87.1901 -45.9978 1327.8
-87.1901 -45.9978 1381.39
-87.1901 -45.9978 1123.76
-87.1901 -45.9978 1317.36
-87.1401 -45.9978 1259.87
-87.1401 -45.9978 1162.42
-87.1401 -45.9978 1430.41
-87.1401 -45.9978 1262.29
-87.1401 -45.9978 1184.45
-87.1401 -45.9978 1338.22
-87.1401 -45.9978 1387.02
-87.1401 -45.9978 1431.52
-87.1401 -45.9978 1410.56
-87.1401 -45.9978 1289.55
-87.0901 -45.9978 1193.01
-87.0901 -45.9978 1531.74
-87.0901 -45.9978 1533.67
-87.0901 -45.9978 1312.93
-87.0901 -45.9978 1454.26
-87.0901 -45.9978 1519.95
-87.0901 -45.9978 1376.25
-87.0901 -45.9978 1370.45
-87.0901 -45.9978 1363.69
-87.0901 -45.9978 1458.62
-87.0401 -45.9978 0
-87.0401 -45.9978 1364.7
-87.0401 -45.9978 1345.43
-87.0401 -45.9978 1420.03
-87.0401 -45.9978 1206.27
-87.0401 -45.9978 1424.22
-87.0401 -45.9978 1217.3
-87.0401 -45.9978 1561.15
-87.0401 -45.9978 1160.72
-87.0401 -45.9978 1052.89
-86.9901 -45.9978 1682.86
-86.9901 -45.9978 1332.17
-86.9901 -45.9978 1433.99
-86.9901 -45.9978 1461.08
-86.9901 -45.9978 1162.25
-86.9901 -45.9978 1529.47
-86.9901 -45.9978 1453.33
-86.9901 -45.9978 1367.82
-86.9901 -45.9978 1550.44
-86.9901 -45.9978 1236.16
-86.9401 -45.9978 1637.85
-86.9401 -45.9978 1297.2
-86.9401 -45.9978 1343.14
-86.9401 -45.9978 1486.93
-86.9401 -45.9978 1347.07
-86.9401 -45.9978 1596.14
-86.9401 -45.9978 1243.24
-86.9401 -45.9978 1517.42
-86.9401 -45.9978 1392.76
-86.9401 -45.9978 1491.45
